'''All of the results obtained in 'Gaseous Dynamical Friction on Elliptical Keplerian Orbits' (2024) 
for the changing orbital elements due to Gaseous Dynamical Friction.'''

import numpy as np

ecc0 = np.arange(0,1,0.05)   # Eccentricities
Mp = np.arange(0,10,0.5)     # Machs at pericenter

SingleTrajectoryAdot = np.array([[ 0.      ,-0.40075 ,-2.042622,-2.435043,-1.379131,-0.786452,-0.542162,
  -0.326582,-0.195669,-0.140818,-0.115645,-0.12144 ,-0.093187,-0.063048,
  -0.049418,-0.024873,-0.03053 ,-0.030072,-0.029029,-0.009571],
 [ 0.      ,-0.365952,-1.576637,-2.69856 ,-1.527677,-0.949275,-0.594755,
  -0.362642,-0.237114,-0.148242,-0.120025,-0.115652,-0.10363 ,-0.086655,
  -0.044293,-0.033959,-0.02555 ,-0.024429,-0.031571,-0.023292],
 [ 0.      ,-0.339369,-1.409754,-2.834467,-1.749269,-1.098403,-0.671543,
  -0.438992,-0.288483,-0.192383,-0.125581,-0.128606,-0.112499,-0.104122,
  -0.068398,-0.047255,-0.031099,-0.027171,-0.025188,-0.028463],
 [ 0.      ,-0.329243,-1.229563,-2.747237,-1.952214,-1.235668,-0.752026,
  -0.523382,-0.334206,-0.2316  ,-0.147583,-0.126461,-0.123141,-0.115782,
  -0.077083,-0.063347,-0.043889,-0.034959,-0.026573,-0.026903],
 [ 0.      ,-0.312793,-1.10593 ,-2.598903,-2.125862,-1.360566,-0.8862  ,
  -0.617201,-0.399233,-0.283705,-0.193608,-0.132012,-0.126535,-0.131997,
  -0.09505 ,-0.076661,-0.064275,-0.043084,-0.036836,-0.025463],
 [ 0.      ,-0.285783,-1.00093 ,-2.376913,-2.309046,-1.52594 ,-1.054684,
  -0.701929,-0.490329,-0.333071,-0.237554,-0.164738,-0.137242,-0.13756 ,
  -0.113291,-0.089964,-0.070132,-0.062528,-0.044458,-0.034462],
 [ 0.      ,-0.264429,-0.924708,-2.107663,-2.284792,-1.669696,-1.22136 ,
  -0.808994,-0.59338 ,-0.418799,-0.289164,-0.209089,-0.148509,-0.131496,
  -0.121806,-0.108439,-0.096976,-0.074017,-0.064096,-0.044704],
 [ 0.      ,-0.257229,-0.842634,-1.871459,-2.181472,-1.861966,-1.378768,
  -0.951805,-0.699194,-0.521918,-0.359177,-0.282253,-0.196428,-0.147816,
  -0.132126,-0.118731,-0.101948,-0.095397,-0.078069,-0.065247],
 [ 0.      ,-0.24685 ,-0.76583 ,-1.716522,-1.978559,-1.932577,-1.548525,
  -1.148022,-0.814315,-0.629221,-0.451994,-0.346412,-0.266571,-0.188569,
  -0.158078,-0.131041,-0.130132,-0.101371,-0.101551,-0.075545],
 [ 0.      ,-0.226071,-0.717008,-1.585982,-1.794872,-1.850862,-1.673137,
  -1.326981,-0.970515,-0.740077,-0.558304,-0.420104,-0.329508,-0.245941,
  -0.19523 ,-0.157212,-0.128685,-0.13305 ,-0.103479,-0.10479 ],
 [ 0.      ,-0.204491,-0.648623,-1.399779,-1.673104,-1.737819,-1.600881,
  -1.479127,-1.163522,-0.86499 ,-0.689564,-0.540624,-0.410892,-0.331907,
  -0.258098,-0.200234,-0.170027,-0.136432,-0.138943,-0.113701],
 [ 0.      ,-0.192144,-0.592807,-1.270441,-1.490509,-1.593712,-1.555909,
  -1.43866 ,-1.33443 ,-1.057764,-0.837534,-0.684301,-0.543738,-0.434742,
  -0.341796,-0.274441,-0.232185,-0.176485,-0.171723,-0.131416],
 [ 0.      ,-0.186055,-0.52877 ,-1.113942,-1.392338,-1.447594,-1.472391,
  -1.378011,-1.301225,-1.186128,-0.975149,-0.818526,-0.685041,-0.544294,
  -0.455427,-0.375346,-0.318691,-0.23194 ,-0.220689,-0.171782],
 [ 0.      ,-0.169043,-0.468278,-0.997266,-1.280125,-1.304551,-1.369708,
  -1.314934,-1.248087,-1.215056,-1.115965,-0.973818,-0.83767 ,-0.713122,
  -0.599111,-0.47957 ,-0.415037,-0.354025,-0.304698,-0.23952 ],
 [ 0.      ,-0.147806,-0.425594,-0.877746,-1.12606 ,-1.17619 ,-1.250383,
  -1.260582,-1.142614,-1.116226,-1.096571,-1.039589,-0.934866,-0.83676 ,
  -0.775736,-0.668737,-0.556359,-0.492649,-0.41414 ,-0.370737],
 [ 0.      ,-0.130766,-0.361156,-0.703818,-0.970511,-1.079202,-1.1394  ,
  -1.15093 ,-1.120237,-1.093766,-0.983988,-0.959529,-0.949784,-0.905362,
  -0.866446,-0.759732,-0.720966,-0.641251,-0.56893 ,-0.511356],
 [ 0.      ,-0.122207,-0.316536,-0.596065,-0.819625,-0.910434,-1.03088 ,
  -1.045208,-1.0222  ,-1.055721,-0.972596,-0.902759,-0.914361,-0.903727,
  -0.846546,-0.765592,-0.747099,-0.726171,-0.677396,-0.654794],
 [ 0.      ,-0.102378,-0.243832,-0.449029,-0.618702,-0.762657,-0.85535 ,
  -0.926902,-0.944497,-0.944309,-0.922365,-0.917409,-0.906381,-0.869922,
  -0.844849,-0.79497 ,-0.755673,-0.754421,-0.706223,-0.684999],
 [ 0.      ,-0.077815,-0.186442,-0.315059,-0.45108 ,-0.563056,-0.656737,
  -0.740338,-0.786899,-0.83669 ,-0.858993,-0.846359,-0.83779 ,-0.872921,
  -0.868572,-0.793481,-0.803592,-0.792363,-0.72575 ,-0.713426],
 [ 0.      ,-0.05705 ,-0.122305,-0.183883,-0.265975,-0.342668,-0.419318,
  -0.475662,-0.513026,-0.590952,-0.64406 ,-0.682825,-0.710876,-0.724578,
  -0.759688,-0.761484,-0.788673,-0.769305,-0.749233,-0.724586]])

SingleTrajectoryEdot = np.array([[ 0.00000e+00,-0.00000e+00, 0.00000e+00,-0.00000e+00,-0.00000e+00,
  -0.00000e+00,-0.00000e+00,-0.00000e+00,-0.00000e+00,-0.00000e+00,
  -0.00000e+00,-0.00000e+00, 0.00000e+00, 0.00000e+00, 0.00000e+00,
   0.00000e+00, 0.00000e+00, 0.00000e+00, 0.00000e+00, 0.00000e+00],
 [ 0.00000e+00,-3.04400e-03,-9.86660e-02, 1.48857e-01, 1.00853e-01,
   7.43610e-02, 3.97530e-02, 2.74230e-02, 2.86630e-02, 1.07420e-02,
   9.98400e-03, 1.43300e-03, 4.74500e-03, 1.35200e-02, 2.42900e-03,
   1.75600e-03,-2.80600e-03,-3.98100e-03,-2.35300e-03, 9.29000e-04],
 [ 0.00000e+00,-5.19900e-03,-1.71093e-01, 2.41360e-01, 2.31725e-01,
   1.56128e-01, 9.72160e-02, 7.40930e-02, 5.28470e-02, 3.57520e-02,
   2.14650e-02, 1.38230e-02, 8.05200e-03, 1.95740e-02, 1.66130e-02,
   1.00820e-02, 6.23600e-03,-6.71000e-04,-4.79300e-03,-1.06000e-04],
 [ 0.00000e+00,-6.24800e-03,-1.87602e-01, 1.81834e-01, 3.49453e-01,
   2.52588e-01, 1.62700e-01, 1.29414e-01, 9.06200e-02, 6.61140e-02,
   5.37780e-02, 1.72470e-02, 2.27990e-02, 2.11030e-02, 2.42610e-02,
   2.23990e-02, 1.09720e-02, 1.12040e-02, 4.43600e-03,-1.99200e-03],
 [ 0.00000e+00,-6.80100e-03,-1.89866e-01,-4.66950e-02, 4.90834e-01,
   3.57660e-01, 2.51923e-01, 1.90552e-01, 1.35253e-01, 1.03473e-01,
   8.01360e-02, 4.92900e-02, 1.55680e-02, 3.35480e-02, 2.71320e-02,
   2.67060e-02, 2.28620e-02, 1.61500e-02, 1.79210e-02, 6.05500e-03],
 [ 0.00000e+00,-7.77800e-03,-1.75428e-01,-2.63272e-01, 5.92888e-01,
   4.87655e-01, 3.56191e-01, 2.59564e-01, 1.95413e-01, 1.40424e-01,
   1.17408e-01, 8.77350e-02, 4.51140e-02, 3.05320e-02, 4.09940e-02,
   3.76920e-02, 2.94900e-02, 2.93210e-02, 2.53160e-02, 2.03930e-02],
 [ 0.00000e+00,-7.73300e-03,-1.72417e-01,-4.06991e-01, 4.74390e-01,
   6.05648e-01, 4.78084e-01, 3.43715e-01, 2.67134e-01, 2.02253e-01,
   1.57085e-01, 1.23407e-01, 8.80280e-02, 4.70020e-02, 3.45830e-02,
   4.34290e-02, 4.43510e-02, 3.89170e-02, 3.45710e-02, 3.05280e-02],
 [ 0.00000e+00,-6.97300e-03,-1.49117e-01,-4.36986e-01, 2.39574e-01,
   7.33591e-01, 6.06788e-01, 4.49566e-01, 3.55319e-01, 2.78853e-01,
   2.07906e-01, 1.76711e-01, 1.34510e-01, 9.68280e-02, 5.47450e-02,
   4.49880e-02, 4.73120e-02, 4.95110e-02, 4.66660e-02, 4.29330e-02],
 [ 0.00000e+00,-5.81300e-03,-1.29159e-01,-4.25464e-01,-2.99510e-02,
   6.86433e-01, 7.34979e-01, 5.88498e-01, 4.50861e-01, 3.63484e-01,
   2.80793e-01, 2.30126e-01, 1.89843e-01, 1.46440e-01, 1.13795e-01,
   6.05430e-02, 5.59690e-02, 4.75460e-02, 5.69640e-02, 4.73910e-02],
 [ 0.00000e+00,-6.04600e-03,-1.17288e-01,-4.01523e-01,-1.35237e-01,
   4.72886e-01, 7.99877e-01, 7.17188e-01, 5.69683e-01, 4.56606e-01,
   3.63044e-01, 2.92205e-01, 2.40641e-01, 1.96587e-01, 1.66880e-01,
   1.22791e-01, 7.72020e-02, 6.60790e-02, 5.06830e-02, 5.90420e-02],
 [ 0.00000e+00,-6.24400e-03,-9.44800e-02,-3.49495e-01,-2.08761e-01,
   2.64835e-01, 6.18250e-01, 8.11040e-01, 7.01177e-01, 5.55993e-01,
   4.65733e-01, 3.84246e-01, 3.05267e-01, 2.64276e-01, 2.21443e-01,
   1.83646e-01, 1.48406e-01, 9.98460e-02, 8.49980e-02, 6.17800e-02],
 [ 0.00000e+00,-5.04700e-03,-8.16670e-02,-3.10081e-01,-2.31662e-01,
   1.22068e-01, 4.15231e-01, 6.61315e-01, 7.94618e-01, 6.94463e-01,
   5.85657e-01, 5.00311e-01, 4.14341e-01, 3.49688e-01, 2.93033e-01,
   2.44190e-01, 2.19709e-01, 1.71813e-01, 1.44669e-01, 1.01106e-01],
 [ 0.00000e+00,-3.59000e-03,-6.06370e-02,-2.45121e-01,-2.40661e-01,
   2.81440e-02, 2.37193e-01, 4.51239e-01, 6.39215e-01, 7.25363e-01,
   6.74718e-01, 6.03370e-01, 5.24679e-01, 4.34231e-01, 3.81587e-01,
   3.29554e-01, 2.93813e-01, 2.26749e-01, 2.19630e-01, 1.66496e-01],
 [ 0.00000e+00,-2.59200e-03,-4.82520e-02,-1.96885e-01,-2.13368e-01,
  -3.71010e-02, 1.14575e-01, 2.65624e-01, 4.24421e-01, 5.89117e-01,
   6.82796e-01, 6.90872e-01, 6.27477e-01, 5.60258e-01, 4.96317e-01,
   4.09043e-01, 3.70147e-01, 3.28791e-01, 2.93506e-01, 2.41665e-01],
 [ 0.00000e+00,-2.81100e-03,-3.45070e-02,-1.49553e-01,-1.80011e-01,
  -6.17330e-02, 3.53610e-02, 1.40866e-01, 2.38086e-01, 3.53597e-01,
   4.73000e-01, 5.66814e-01, 6.12425e-01, 6.14047e-01, 6.06673e-01,
   5.46398e-01, 4.76640e-01, 4.37187e-01, 3.80566e-01, 3.55018e-01],
 [ 0.00000e+00,-2.33100e-03,-2.50520e-02,-1.01088e-01,-1.37384e-01,
  -5.77080e-02,-1.36950e-02, 4.86990e-02, 1.25555e-01, 2.00690e-01,
   2.58021e-01, 3.31612e-01, 4.17110e-01, 4.88447e-01, 5.48118e-01,
   5.29433e-01, 5.52667e-01, 5.22756e-01, 4.90053e-01, 4.52837e-01],
 [ 0.00000e+00,-1.08800e-03,-1.51520e-02,-6.49560e-02,-9.51750e-02,
  -5.49580e-02,-2.31300e-02, 3.07800e-03, 4.09870e-02, 9.50640e-02,
   1.33099e-01, 1.72229e-01, 2.27661e-01, 2.81508e-01, 3.22235e-01,
   3.43301e-01, 3.86815e-01, 4.31125e-01, 4.39246e-01, 4.67313e-01],
 [ 0.00000e+00,-4.91000e-04,-8.53000e-03,-3.33540e-02,-5.45650e-02,
  -4.01310e-02,-2.94650e-02,-1.12440e-02, 7.38100e-03, 2.27110e-02,
   5.08970e-02, 8.26690e-02, 1.04016e-01, 1.26975e-01, 1.58922e-01,
   1.81629e-01, 2.00273e-01, 2.30927e-01, 2.50953e-01, 2.76166e-01],
 [ 0.00000e+00,-6.25000e-04,-2.67700e-03,-1.41870e-02,-2.60630e-02,
  -1.82190e-02,-2.02520e-02,-1.54870e-02,-7.26200e-03, 1.03800e-03,
   8.85300e-03, 1.68060e-02, 2.91490e-02, 4.63850e-02, 6.02050e-02,
   6.92780e-02, 8.30290e-02, 9.41260e-02, 1.00067e-01, 1.13833e-01],
 [ 0.00000e+00,-2.10000e-05,-4.68000e-04,-2.93000e-03,-6.25800e-03,
  -3.21600e-03,-4.14300e-03,-5.00200e-03,-6.13200e-03,-5.79200e-03,
  -3.90200e-03,-1.16600e-03, 1.75600e-03, 4.40600e-03, 6.04100e-03,
   9.19900e-03, 1.34430e-02, 1.66660e-02, 1.99280e-02, 2.18970e-02]])

SingleTrajectoryOmegaDot = np.array([[ 0.00000000e+00, 0.00000000e+00, 0.00000000e+00, 0.00000000e+00,
   0.00000000e+00, 0.00000000e+00, 0.00000000e+00, 0.00000000e+00,
   0.00000000e+00, 0.00000000e+00, 0.00000000e+00, 0.00000000e+00,
   0.00000000e+00, 0.00000000e+00, 0.00000000e+00, 0.00000000e+00,
   0.00000000e+00, 0.00000000e+00, 0.00000000e+00, 0.00000000e+00],
 [ 0.00000000e+00,-7.01041035e-03,-3.76091778e-01, 8.43538544e-01,
   6.78963114e-01, 4.74208091e-01, 3.62919967e-01, 2.64288198e-01,
   2.16881522e-01, 1.56746859e-01, 1.73870801e-01, 2.10299831e-01,
   2.12626666e-01, 5.82815639e-02, 2.17849544e-01, 1.94862897e-01,
   2.19578663e-01, 2.28220263e-01, 2.33652970e-01, 2.59484077e-01],
 [ 0.00000000e+00,-3.22327036e-03,-2.47378334e-01, 7.81833397e-01,
   8.21372795e-01, 5.35987385e-01, 3.89060481e-01, 3.10428486e-01,
   2.24564984e-01, 1.96215867e-01, 1.54396027e-01, 2.03295855e-01,
   2.30110746e-01, 5.54631956e-02, 2.20952174e-01, 2.02919262e-01,
   2.21724440e-01, 2.12758345e-01, 2.22340936e-01, 2.41140432e-01],
 [ 0.00000000e+00,-1.49898490e-03,-1.62827580e-01, 4.68524056e-01,
   8.16082214e-01, 5.68879831e-01, 4.15339592e-01, 3.19332206e-01,
   2.58792137e-01, 2.06439958e-01, 1.68051185e-01, 1.73657151e-01,
   2.06790282e-01, 4.84961976e-02, 2.28060580e-01, 2.17993140e-01,
   2.26925820e-01, 2.09441491e-01, 2.10020349e-01, 2.23937004e-01],
 [ 0.00000000e+00,-5.57587826e-03,-1.19243564e-01, 5.85812363e-02,
   8.37808504e-01, 6.18134415e-01, 4.58992696e-01, 3.60818528e-01,
   2.88705970e-01, 2.37667839e-01, 1.95643320e-01, 1.58268887e-01,
   1.74547795e-01, 4.35272876e-02, 2.21207942e-01, 2.17126432e-01,
   2.28248840e-01, 2.19904432e-01, 2.14510336e-01, 2.12206884e-01],
 [ 0.00000000e+00,-7.27290188e-03,-8.61824506e-02,-6.80834058e-02,
   8.62710886e-01, 6.46220204e-01, 5.02932781e-01, 3.89986786e-01,
   3.22527234e-01, 2.51569346e-01, 2.20097967e-01, 1.77837189e-01,
   1.53550365e-01, 2.00066617e-03, 2.17494125e-01, 2.22490295e-01,
   2.31736064e-01, 2.27715442e-01, 2.18942460e-01, 2.11870105e-01],
 [ 0.00000000e+00,-2.54960656e-03,-6.44945171e-02,-1.37474986e-01,
   5.83568059e-01, 6.74790414e-01, 5.50953116e-01, 4.37959820e-01,
   3.51591225e-01, 2.78817368e-01, 2.45299442e-01, 2.07617659e-01,
   1.78510369e-01, 1.59532006e-01, 1.94549767e-01, 2.19839201e-01,
   2.31486334e-01, 2.28950829e-01, 2.22502227e-01, 2.19737046e-01],
 [ 0.00000000e+00,-2.85954340e-04,-4.23230334e-02,-1.30781189e-01,
   3.66339619e-01, 7.08396176e-01, 5.91840312e-01, 4.82342487e-01,
   3.85130876e-01, 3.24192688e-01, 2.74494436e-01, 2.35554660e-01,
   2.01968002e-01, 1.76680444e-01, 1.70689021e-01, 1.91819629e-01,
   2.19073668e-01, 2.27421258e-01, 2.31197718e-01, 2.25341521e-01],
 [ 0.00000000e+00,-3.31586838e-03,-3.45486628e-02,-1.03316885e-01,
   1.72039806e-01, 5.96688046e-01, 6.30990318e-01, 5.28899097e-01,
   4.34963590e-01, 3.65826881e-01, 2.98630951e-01, 2.62683868e-01,
   2.22783508e-01, 2.00675828e-01, 1.80689985e-01, 1.75125851e-01,
   1.89384966e-01, 2.09965452e-01, 2.26346861e-01, 2.25010431e-01],
 [ 0.00000000e+00,-6.82265793e-03,-2.16323784e-02,-1.19875426e-01,
   1.18032220e-01, 3.82597858e-01, 6.14303716e-01, 5.85223860e-01,
   4.83009664e-01, 4.09986806e-01, 3.38474590e-01, 2.98107153e-01,
   2.58349561e-01, 2.26451178e-01, 1.97675959e-01, 1.81136740e-01,
   1.84623438e-01, 1.87130765e-01, 1.99881833e-01, 2.19156103e-01],
 [ 0.00000000e+00,-3.93097885e-03,-2.21229437e-02,-8.76327891e-02,
   3.83157913e-02, 2.49417286e-01, 4.58300779e-01, 5.88671433e-01,
   5.39532964e-01, 4.57680316e-01, 4.02200372e-01, 3.36236991e-01,
   2.97228492e-01, 2.63647248e-01, 2.26520804e-01, 2.07944792e-01,
   1.92873389e-01, 1.88733004e-01, 1.91095475e-01, 1.92724720e-01],
 [ 0.00000000e+00,-6.64665645e-04,-1.36606187e-02,-2.97035352e-02,
   5.20384159e-02, 1.38904463e-01, 3.29750852e-01, 4.62645203e-01,
   5.59518037e-01, 5.14928228e-01, 4.50756201e-01, 3.91612656e-01,
   3.45562290e-01, 3.09518563e-01, 2.73439624e-01, 2.37526774e-01,
   2.20173944e-01, 2.00433991e-01, 1.91329229e-01, 1.92553062e-01],
 [ 0.00000000e+00,-8.55284091e-04,-8.06237041e-03,-3.76866367e-02,
   1.97483456e-02, 8.94460528e-02, 2.11313263e-01, 3.37309289e-01,
   4.29736797e-01, 5.14717110e-01, 5.13512805e-01, 4.58636147e-01,
   4.00535081e-01, 3.57701431e-01, 3.16550273e-01, 2.85391850e-01,
   2.59764045e-01, 2.37466800e-01, 2.17983858e-01, 2.02563542e-01],
 [ 0.00000000e+00,-4.22706406e-03,-9.93902513e-03,-2.27111454e-02,
  -1.37949504e-03, 7.24563551e-02, 1.40082729e-01, 2.43553152e-01,
   3.06315409e-01, 3.82653388e-01, 4.55853433e-01, 4.86642483e-01,
   4.59188917e-01, 4.15159648e-01, 3.71769515e-01, 3.39428515e-01,
   3.12326310e-01, 2.82473932e-01, 2.55424542e-01, 2.36601597e-01],
 [ 0.00000000e+00,-4.49129691e-03,-6.58305064e-03,-2.36896154e-02,
   1.41540484e-02, 3.69412108e-02, 9.11686284e-02, 1.63420333e-01,
   2.23646087e-01, 2.64513421e-01, 3.28192436e-01, 3.87510711e-01,
   4.30895678e-01, 4.44998082e-01, 4.31908490e-01, 4.06830537e-01,
   3.69826875e-01, 3.40959678e-01, 3.13231822e-01, 2.87974547e-01],
 [ 0.00000000e+00,-1.24341617e-03,-7.74029435e-03, 7.66877725e-03,
   2.95935640e-03, 3.46888220e-02, 9.06287629e-02, 1.29440823e-01,
   1.73096068e-01, 2.08841088e-01, 2.34302190e-01, 2.66786522e-01,
   3.28094036e-01, 3.36084341e-01, 3.77456843e-01, 4.09246205e-01,
   4.15124689e-01, 4.07606833e-01, 3.76821772e-01, 3.54209025e-01],
 [ 0.00000000e+00,-5.29615290e-04,-4.42762511e-03,-5.35582974e-03,
  -8.72112182e-03, 1.63211484e-02, 5.30788916e-02, 9.50987233e-02,
   1.25053878e-01, 1.44792091e-01, 1.82101799e-01, 1.89465072e-01,
   2.15761820e-01, 2.43438060e-01, 2.79201735e-01, 2.88625611e-01,
   3.14076131e-01, 3.21789726e-01, 3.46040832e-01, 3.58195224e-01],
 [ 0.00000000e+00,-2.89743046e-03,-3.24891484e-03,-2.59666928e-03,
   1.16474310e-02,-2.39326237e-03, 2.40017662e-02, 5.75257401e-02,
   8.06645456e-02, 9.93070437e-02, 1.17223762e-01, 1.34545103e-01,
   1.67103022e-01, 1.71343966e-01, 1.80833978e-01, 1.93888104e-01,
   2.14538486e-01, 2.23688534e-01, 2.42263257e-01, 2.52578670e-01],
 [ 0.00000000e+00,-2.06449957e-03,-3.52466277e-03,-1.19989519e-03,
   4.86611734e-03, 1.48352866e-02, 7.87748665e-03, 1.55280294e-02,
   3.65512476e-02, 6.12593725e-02, 7.02757034e-02, 8.31008878e-02,
   9.32039856e-02, 1.07078062e-01, 1.25759667e-01, 1.35222137e-01,
   1.38702703e-01, 1.52136992e-01, 1.61085175e-01, 1.64063111e-01],
 [ 0.00000000e+00,-2.58269919e-05,-1.05113108e-03, 1.21485862e-04,
  -4.13634887e-04,-4.21328193e-03, 3.47897137e-03, 1.21135031e-02,
   1.73480350e-02, 1.21385755e-02, 1.45774414e-02, 2.50031542e-02,
   3.67477047e-02, 4.77191175e-02, 5.52252644e-02, 5.70744404e-02,
   6.69394963e-02, 7.50857179e-02, 8.19805519e-02, 8.57356935e-02]])

BinaryAdot = np.array([[ 0.000000e+00,-2.461660e-01,-3.283714e+00,-3.976436e+00,-2.147470e+00,
  -9.560420e-01,-5.514120e-01,-5.041480e-01,-2.712680e-01,-1.980720e-01,
  -1.302020e-01,-1.412500e-01,-8.047800e-02,-2.156400e-02,-6.380200e-02,
  -2.165600e-02,-3.187500e-02,-3.070000e-02,-1.812600e-02,-2.398000e-03],
 [ 0.000000e+00,-2.133480e-01,-2.478106e+00,-4.620002e+00,-2.379932e+00,
  -1.216718e+00,-6.257600e-01,-5.079540e-01,-3.495080e-01,-2.129380e-01,
  -1.539020e-01,-1.387440e-01,-1.088720e-01,-5.652000e-02,-4.488800e-02,
  -3.836200e-02,-3.208500e-02,-2.263400e-02,-3.988300e-02,-2.006700e-02],
 [ 0.000000e+00,-1.867320e-01,-2.148574e+00,-4.861356e+00,-2.797302e+00,
  -1.479430e+00,-7.908220e-01,-5.591660e-01,-4.352380e-01,-2.893800e-01,
  -1.663900e-01,-1.747040e-01,-1.321640e-01,-1.026900e-01,-8.091000e-02,
  -5.951800e-02,-3.966800e-02,-3.623300e-02,-3.026200e-02,-3.739100e-02],
 [ 0.000000e+00,-1.633500e-01,-1.728652e+00,-4.786962e+00,-3.171752e+00,
  -1.741504e+00,-9.455900e-01,-6.915680e-01,-4.832340e-01,-3.565700e-01,
  -2.161340e-01,-1.731440e-01,-1.676520e-01,-1.312100e-01,-1.057280e-01,
  -8.864800e-02,-6.414100e-02,-5.301700e-02,-3.670000e-02,-4.235700e-02],
 [ 0.000000e+00,-1.414940e-01,-1.517852e+00,-4.491026e+00,-3.546394e+00,
  -2.013934e+00,-1.193728e+00,-8.893700e-01,-5.832080e-01,-4.281300e-01,
  -3.032760e-01,-1.947400e-01,-1.806380e-01,-1.701000e-01,-1.535480e-01,
  -1.279260e-01,-1.142130e-01,-7.685600e-02,-6.420900e-02,-4.892100e-02],
 [ 0.000000e+00,-1.270900e-01,-1.326548e+00,-4.064568e+00,-3.868682e+00,
  -2.377620e+00,-1.500590e+00,-1.078562e+00,-7.625220e-01,-5.238780e-01,
  -3.751640e-01,-2.692740e-01,-2.189160e-01,-1.915140e-01,-2.119880e-01,
  -1.761380e-01,-1.428950e-01,-1.311860e-01,-8.639500e-02,-6.715600e-02],
 [ 0.000000e+00,-1.112060e-01,-1.172614e+00,-3.466178e+00,-3.823718e+00,
  -2.671438e+00,-1.830616e+00,-1.310756e+00,-9.889580e-01,-7.152980e-01,
  -4.703580e-01,-3.665720e-01,-2.675820e-01,-2.401460e-01,-2.444340e-01,
  -2.290860e-01,-2.097910e-01,-1.578210e-01,-1.359540e-01,-8.497200e-02],
 [ 0.000000e+00,-9.904200e-02,-1.019152e+00,-2.984906e+00,-3.651488e+00,
  -3.047666e+00,-2.171636e+00,-1.606876e+00,-1.224700e+00,-9.415560e-01,
  -6.177900e-01,-5.427620e-01,-4.047080e-01,-2.834140e-01,-2.723100e-01,
  -2.543880e-01,-2.246730e-01,-2.079390e-01,-1.701110e-01,-1.253320e-01],
 [ 0.000000e+00,-8.597200e-02,-9.026620e-01,-2.683402e+00,-3.253480e+00,
  -3.148874e+00,-2.527540e+00,-2.010880e+00,-1.489524e+00,-1.185570e+00,
  -8.657800e-01,-7.110840e-01,-5.686640e-01,-3.864960e-01,-3.259280e-01,
  -2.749660e-01,-2.834710e-01,-2.216120e-01,-2.216000e-01,-1.578480e-01],
 [ 0.000000e+00,-7.673400e-02,-8.244400e-01,-2.464848e+00,-2.856054e+00,
  -2.931824e+00,-2.782530e+00,-2.401224e+00,-1.835956e+00,-1.480142e+00,
  -1.154896e+00,-8.829640e-01,-6.926860e-01,-5.086520e-01,-3.997340e-01,
  -3.337600e-01,-2.838660e-01,-2.914890e-01,-2.336040e-01,-2.236010e-01],
 [ 0.000000e+00,-6.412000e-02,-7.040020e-01,-2.112664e+00,-2.592926e+00,
  -2.702058e+00,-2.647598e+00,-2.732014e+00,-2.293932e+00,-1.777128e+00,
  -1.473624e+00,-1.158232e+00,-8.647880e-01,-6.980360e-01,-5.311620e-01,
  -4.152220e-01,-3.575130e-01,-2.971910e-01,-2.960850e-01,-2.437920e-01],
 [ 0.000000e+00,-5.892200e-02,-6.279480e-01,-1.836500e+00,-2.269760e+00,
  -2.436750e+00,-2.541568e+00,-2.681382e+00,-2.692648e+00,-2.234164e+00,
  -1.811784e+00,-1.498002e+00,-1.170980e+00,-9.051120e-01,-7.069080e-01,
  -5.675440e-01,-4.765210e-01,-3.711850e-01,-3.529400e-01,-2.759650e-01],
 [ 0.000000e+00,-5.130200e-02,-5.075340e-01,-1.563836e+00,-2.075542e+00,
  -2.152742e+00,-2.360702e+00,-2.612090e+00,-2.697692e+00,-2.572680e+00,
  -2.115282e+00,-1.780980e+00,-1.470794e+00,-1.139874e+00,-9.393380e-01,
  -7.641360e-01,-6.493080e-01,-4.838190e-01,-4.663330e-01,-3.647320e-01],
 [ 0.000000e+00,-3.904800e-02,-4.333680e-01,-1.376070e+00,-1.852240e+00,
  -1.876886e+00,-2.175138e+00,-2.553272e+00,-2.670490e+00,-2.673482e+00,
  -2.449786e+00,-2.128846e+00,-1.806454e+00,-1.514544e+00,-1.234554e+00,
  -9.762180e-01,-8.399710e-01,-7.210970e-01,-6.340540e-01,-5.013620e-01],
 [ 0.000000e+00,-3.475400e-02,-3.629040e-01,-1.139938e+00,-1.592158e+00,
  -1.649616e+00,-1.946074e+00,-2.504200e+00,-2.523666e+00,-2.526822e+00,
  -2.466784e+00,-2.311158e+00,-2.048636e+00,-1.794774e+00,-1.628436e+00,
  -1.362472e+00,-1.115883e+00,-9.781570e-01,-8.238640e-01,-7.529550e-01],
 [ 0.000000e+00,-3.185800e-02,-2.883520e-01,-8.408960e-01,-1.253768e+00,
  -1.436556e+00,-1.747146e+00,-2.345922e+00,-2.519728e+00,-2.519060e+00,
  -2.256296e+00,-2.191118e+00,-2.116602e+00,-1.964362e+00,-1.835144e+00,
  -1.589378e+00,-1.489410e+00,-1.293128e+00,-1.110380e+00,-1.014832e+00],
 [ 0.000000e+00,-2.316200e-02,-2.192200e-01,-6.619820e-01,-1.011868e+00,
  -1.149626e+00,-1.542342e+00,-2.153108e+00,-2.354714e+00,-2.466064e+00,
  -2.308204e+00,-2.110770e+00,-2.090614e+00,-2.036878e+00,-1.857988e+00,
  -1.633792e+00,-1.557769e+00,-1.497300e+00,-1.376564e+00,-1.283184e+00],
 [ 0.000000e+00,-1.649400e-02,-1.532420e-01,-4.185720e-01,-6.883120e-01,
  -9.014400e-01,-1.263840e+00,-1.901166e+00,-2.158968e+00,-2.250480e+00,
  -2.219008e+00,-2.206296e+00,-2.137400e+00,-2.015514e+00,-1.925536e+00,
  -1.803224e+00,-1.661566e+00,-1.612440e+00,-1.470873e+00,-1.409306e+00],
 [ 0.000000e+00,-1.082600e-02,-8.368000e-02,-2.262140e-01,-4.110780e-01,
  -5.574260e-01,-9.183980e-01,-1.462740e+00,-1.784908e+00,-1.974420e+00,
  -2.065860e+00,-2.055756e+00,-2.028270e+00,-2.091480e+00,-2.054768e+00,
  -1.862626e+00,-1.860493e+00,-1.781348e+00,-1.620582e+00,-1.564465e+00],
 [ 0.000000e+00,-4.112000e-03,-2.840400e-02,-7.028200e-02,-1.469760e-01,
  -2.738540e-01,-4.983000e-01,-7.918960e-01,-1.082376e+00,-1.324000e+00,
  -1.492746e+00,-1.625240e+00,-1.708482e+00,-1.772520e+00,-1.852778e+00,
  -1.843850e+00,-1.912786e+00,-1.862274e+00,-1.783998e+00,-1.716964e+00]])

BinaryEdot = np.array([[ 0.000000e+00,-0.000000e+00, 0.000000e+00,-0.000000e+00,-0.000000e+00,
  -0.000000e+00,-0.000000e+00,-0.000000e+00,-0.000000e+00,-0.000000e+00,
  -0.000000e+00,-0.000000e+00, 0.000000e+00, 0.000000e+00, 0.000000e+00,
   0.000000e+00, 0.000000e+00, 0.000000e+00, 0.000000e+00,-0.000000e+00],
 [ 0.000000e+00,-6.350000e-03,-1.924900e-01, 3.197060e-01, 1.974560e-01,
   1.567800e-01, 1.006820e-01, 7.805000e-02, 6.753600e-02, 2.262800e-02,
   2.205400e-02, 4.322000e-03, 1.047200e-02, 3.123200e-02, 1.257600e-02,
   6.750000e-03,-6.839000e-03,-9.465000e-03,-6.150000e-03, 3.927000e-03],
 [ 0.000000e+00,-1.021200e-02,-3.301280e-01, 5.387100e-01, 4.528520e-01,
   3.207080e-01, 2.153940e-01, 2.119040e-01, 1.308140e-01, 8.142000e-02,
   4.741800e-02, 2.702200e-02, 1.464800e-02, 3.967400e-02, 4.405400e-02,
   2.947600e-02, 1.756500e-02,-3.250000e-04,-9.117000e-03, 7.360000e-04],
 [ 0.000000e+00,-1.295600e-02,-3.687840e-01, 4.909380e-01, 6.957480e-01,
   5.201520e-01, 3.561140e-01, 3.391640e-01, 2.391960e-01, 1.580800e-01,
   1.178000e-01, 3.936800e-02, 4.382800e-02, 4.369200e-02, 5.719400e-02,
   5.635400e-02, 2.956900e-02, 2.817500e-02, 9.433000e-03,-7.593000e-03],
 [ 0.000000e+00,-1.430200e-02,-3.899780e-01, 1.578520e-01, 1.000632e+00,
   7.283300e-01, 5.446640e-01, 4.663380e-01, 3.501020e-01, 2.617760e-01,
   1.803820e-01, 1.068780e-01, 3.119200e-02, 7.148800e-02, 6.377800e-02,
   6.435400e-02, 5.367300e-02, 3.525800e-02, 3.838500e-02, 1.214800e-02],
 [ 0.000000e+00,-1.529800e-02,-3.597760e-01,-2.123600e-01, 1.255536e+00,
   9.870420e-01, 7.613640e-01, 6.111600e-01, 4.773440e-01, 3.483280e-01,
   2.753240e-01, 1.859180e-01, 8.799800e-02, 5.041800e-02, 8.758200e-02,
   8.168000e-02, 6.463300e-02, 6.110100e-02, 5.513100e-02, 4.081600e-02],
 [ 0.000000e+00,-1.520800e-02,-3.399460e-01,-5.034460e-01, 1.093076e+00,
   1.220526e+00, 1.005082e+00, 7.810200e-01, 6.259740e-01, 4.754920e-01,
   3.718940e-01, 2.609500e-01, 1.727340e-01, 8.939200e-02, 6.785400e-02,
   8.948400e-02, 9.060900e-02, 8.086200e-02, 6.829100e-02, 6.435500e-02],
 [ 0.000000e+00,-1.460000e-02,-2.988220e-01,-5.771640e-01, 7.499840e-01,
   1.481934e+00, 1.266368e+00, 9.978640e-01, 8.013260e-01, 6.328780e-01,
   4.809920e-01, 3.713560e-01, 2.541620e-01, 1.810680e-01, 1.116740e-01,
   9.322600e-02, 9.383900e-02, 9.436300e-02, 8.925000e-02, 8.741000e-02],
 [ 0.000000e+00,-1.389600e-02,-2.563800e-01,-5.787240e-01, 2.489640e-01,
   1.395348e+00, 1.522488e+00, 1.277200e+00, 9.889860e-01, 8.072520e-01,
   6.187640e-01, 4.763320e-01, 3.684300e-01, 2.769860e-01, 2.213120e-01,
   1.224740e-01, 1.084330e-01, 9.067600e-02, 1.074090e-01, 8.523700e-02],
 [ 0.000000e+00,-1.296000e-02,-2.374520e-01,-5.794220e-01, 4.668000e-02,
   9.759620e-01, 1.649328e+00, 1.540976e+00, 1.235880e+00, 9.767140e-01,
   7.698540e-01, 6.018240e-01, 4.796620e-01, 3.793580e-01, 3.188620e-01,
   2.375600e-01, 1.469660e-01, 1.272220e-01, 9.138900e-02, 1.074350e-01],
 [ 0.000000e+00,-1.222200e-02,-1.925160e-01,-5.086600e-01,-1.214500e-01,
   5.669100e-01, 1.292330e+00, 1.716958e+00, 1.493468e+00, 1.168950e+00,
   9.647600e-01, 7.787880e-01, 6.093360e-01, 5.100280e-01, 4.236080e-01,
   3.542440e-01, 2.866140e-01, 1.924930e-01, 1.639320e-01, 1.117300e-01],
 [ 0.000000e+00,-1.009000e-02,-1.670660e-01,-4.467340e-01,-2.062980e-01,
   2.795620e-01, 8.971580e-01, 1.408808e+00, 1.678180e+00, 1.439738e+00,
   1.194120e+00, 1.008520e+00, 8.215500e-01, 6.821920e-01, 5.587780e-01,
   4.686780e-01, 4.280300e-01, 3.368010e-01, 2.861020e-01, 1.953730e-01],
 [ 0.000000e+00,-8.712000e-03,-1.256920e-01,-3.537220e-01,-2.533060e-01,
   9.445400e-02, 5.305360e-01, 9.847000e-01, 1.352156e+00, 1.499078e+00,
   1.370822e+00, 1.209114e+00, 1.040836e+00, 8.532660e-01, 7.395480e-01,
   6.318280e-01, 5.671680e-01, 4.398780e-01, 4.263050e-01, 3.233410e-01],
 [ 0.000000e+00,-8.374000e-03,-9.227800e-02,-2.886400e-01,-2.364420e-01,
  -4.321400e-02, 2.776600e-01, 5.981940e-01, 8.955200e-01, 1.215688e+00,
   1.392566e+00, 1.381592e+00, 1.247384e+00, 1.110210e+00, 9.759560e-01,
   7.970100e-01, 7.102710e-01, 6.408590e-01, 5.723980e-01, 4.747710e-01],
 [ 0.000000e+00,-5.654000e-03,-6.679600e-02,-2.147720e-01,-2.144260e-01,
  -9.035000e-02, 1.089200e-01, 3.352360e-01, 5.118020e-01, 7.333940e-01,
   9.632780e-01, 1.138754e+00, 1.214158e+00, 1.216126e+00, 1.198104e+00,
   1.069586e+00, 9.232970e-01, 8.490880e-01, 7.444840e-01, 6.977900e-01],
 [ 0.000000e+00,-3.928000e-03,-5.455400e-02,-1.444660e-01,-1.528020e-01,
  -8.450800e-02, 7.196000e-03, 1.267760e-01, 2.745360e-01, 4.232600e-01,
   5.318160e-01, 6.803060e-01, 8.354060e-01, 9.726560e-01, 1.088132e+00,
   1.037616e+00, 1.077391e+00, 1.008905e+00, 9.564710e-01, 8.882790e-01],
 [ 0.000000e+00,-2.496000e-03,-3.192800e-02,-8.995000e-02,-1.088440e-01,
  -8.618800e-02,-2.519200e-02, 1.347200e-02, 8.788600e-02, 2.021160e-01,
   2.780860e-01, 3.499680e-01, 4.617780e-01, 5.676020e-01, 6.358880e-01,
   6.820600e-01, 7.596240e-01, 8.466700e-01, 8.572740e-01, 9.091760e-01],
 [ 0.000000e+00,-1.580000e-03,-1.722000e-02,-4.254600e-02,-6.176800e-02,
  -6.031000e-02,-5.185600e-02,-3.251000e-02, 4.526000e-03, 4.229400e-02,
   1.050800e-01, 1.687520e-01, 2.133640e-01, 2.558180e-01, 3.196880e-01,
   3.653760e-01, 3.928230e-01, 4.583640e-01, 4.910770e-01, 5.404450e-01],
 [ 0.000000e+00,-1.296000e-03,-6.164000e-03,-1.640000e-02,-2.679000e-02,
  -2.802400e-02,-4.070600e-02,-4.632400e-02,-3.188000e-02,-1.143600e-02,
   7.976000e-03, 3.151000e-02, 5.688600e-02, 9.361000e-02, 1.236360e-01,
   1.401460e-01, 1.675170e-01, 1.891670e-01, 1.997980e-01, 2.253560e-01],
 [ 0.000000e+00,-2.340000e-04,-7.120000e-04,-2.656000e-03,-4.800000e-03,
  -6.892000e-03,-1.288200e-02,-1.933000e-02,-2.428400e-02,-2.350400e-02,
  -1.866200e-02,-1.235000e-02,-3.888000e-03, 2.604000e-03, 8.020000e-03,
   1.696800e-02, 2.540000e-02, 3.263600e-02, 4.058600e-02, 4.550500e-02]])

BinaryOmegaDot = np.array([[ 0.        , 0.        , 0.        , 0.        , 0.        , 0.        ,
   0.        , 0.        , 0.        , 0.        , 0.        , 0.        ,
   0.        , 0.        , 0.        , 0.        , 0.        , 0.        ,
   0.        , 0.        ],
 [ 0.        , 0.44920233, 0.50483551, 0.47798836, 0.48515764, 0.46878323,
   0.45927791, 0.45200906, 0.44837586, 0.43261987, 0.41461611, 0.40655095,
   0.38648596, 0.3701287 , 0.34543374, 0.32284817, 0.29194482, 0.25618562,
   0.21264378, 0.15078429],
 [ 0.        , 0.89884753, 0.70615591, 0.6561918 , 0.61761438, 0.5158828 ,
   0.49599312, 0.48498463, 0.46871508, 0.4534554 , 0.43482544, 0.41314738,
   0.39172477, 0.37402845, 0.34967953, 0.32725082, 0.29439461, 0.25342664,
   0.21098882, 0.15244306],
 [ 0.        ,-0.56026858,-0.44589508,-0.11639428, 0.48115645, 0.54723151,
   0.6541063 , 0.56247128, 0.46902743, 0.52925113, 0.490845  , 0.43050313,
   0.40449706, 0.38046068, 0.36300471, 0.30007314, 0.29366483, 0.25260265,
   0.21162593, 0.15010826],
 [ 0.        ,-0.05950182,-0.19384096,-0.43346964,-0.41887083,-0.3683552 ,
  -0.20837952, 0.111971  , 0.29876306, 0.28818287, 0.39038874, 0.35468831,
   0.33284822, 0.36589034, 0.32008328, 0.3072631 , 0.29343927, 0.23931415,
   0.20198084, 0.14998893],
 [ 0.        ,-0.22805718,-0.27700208,-0.34358099,-0.48836835,-0.45682585,
  -0.41762416,-0.41456305,-0.2961893 ,-0.08297146, 0.01894302, 0.10334098,
   0.13907387, 0.15100784, 0.18661065, 0.20837056, 0.20398793, 0.20167648,
   0.16486379, 0.12731796],
 [ 0.        , 0.41830743, 0.15479836, 0.10332493, 0.04210421,-0.03330006,
  -0.15118783,-0.24280523,-0.27502049,-0.23622217,-0.04934256, 0.08971336,
   0.16718441, 0.19468721, 0.21391016, 0.25707938, 0.24426902, 0.22718893,
   0.19608236, 0.13546136],
 [ 0.        , 1.30291775, 1.38369936, 0.99475929, 0.68029785, 0.5529667 ,
   0.47769884, 0.38966769, 0.27831578, 0.15064274, 0.10125697, 0.21378313,
   0.33113661, 0.41697387, 0.43596587, 0.4384309 , 0.41210198, 0.34227098,
   0.26228602, 0.15222888],
 [ 0.        , 0.94831376, 1.05233423, 1.18491327, 1.06186029, 0.89334093,
   0.71416088, 0.59769115, 0.52601257, 0.45414798, 0.35896765, 0.28431093,
   0.3810465 , 0.46922538, 0.50399911, 0.48581172, 0.44638376, 0.38701219,
   0.29332099, 0.17173468],
 [ 0.        , 0.89883281, 0.92726152, 0.9897637 , 1.01901387, 0.97172749,
   0.89817685, 0.78266371, 0.65983974, 0.57919034, 0.51517376, 0.43572758,
   0.35556722, 0.40718065, 0.46101751, 0.46944196, 0.43363086, 0.38176851,
   0.29435043, 0.18799421],
 [ 0.        , 0.82069215, 0.83511998, 0.88024915, 0.9184586 , 0.95256263,
   0.88812342, 0.81010133, 0.76778067, 0.70062575, 0.57836366, 0.46465765,
   0.33645964, 0.31166908, 0.36679501, 0.41593711, 0.38943031, 0.35456785,
   0.29870495, 0.19878909],
 [ 0.        , 0.60140384, 0.71891485, 0.79173463, 0.83797149, 0.87830925,
   0.89906775, 0.86548637, 0.80696657, 0.72746393, 0.6199179 , 0.4849125 ,
   0.33642204, 0.2312622 , 0.27224683, 0.35566669, 0.35621708, 0.3279864 ,
   0.28559927, 0.19702583],
 [ 0.        , 0.5918804 , 0.63573534, 0.67789124, 0.75821079, 0.82095841,
   0.86207203, 0.87874732, 0.8178104 , 0.70642839, 0.58932887, 0.46486141,
   0.33877125, 0.21577962, 0.17705887, 0.25129072, 0.305356  , 0.28452543,
   0.26546689, 0.19433408],
 [ 0.        , 1.04844029, 0.82259276, 0.76220363, 0.72381559, 0.7933629 ,
   0.85991887, 0.84700065, 0.76671324, 0.66663929, 0.55283076, 0.44357382,
   0.32271362, 0.21018774, 0.12439959, 0.21094961, 0.25127753, 0.25603035,
   0.2425841 , 0.19025872],
 [ 0.        , 1.14745618, 1.05030893, 0.89313628, 0.87636711, 0.87162179,
   0.87533602, 0.86981661, 0.78563547, 0.67065682, 0.5439252 , 0.41224232,
   0.31242019, 0.20331395, 0.09925779, 0.14608532, 0.17496712, 0.2336729 ,
   0.22021283, 0.18687466],
 [ 0.        , 0.97754254, 1.06203554, 0.99843542, 0.9348615 , 0.92389505,
   0.88877637, 0.84439688, 0.79409949, 0.7006517 , 0.57484734, 0.44288131,
   0.30342572, 0.19213888, 0.08052235, 0.06663408, 0.15143222, 0.19764144,
   0.19502693, 0.18373426],
 [ 0.        ,-0.98356409,-1.01427545,-1.06306612,-1.01697166,-0.96998172,
  -0.90532593,-0.82986173,-0.7797214 ,-0.71036666,-0.61128709,-0.49673825,
  -0.36370203,-0.22507136,-0.09634714,-0.01430846,-0.08522229,-0.14672826,
  -0.17368503,-0.16237799],
 [ 0.        ,-0.89810932,-0.93079709,-1.005971  ,-1.02873127,-0.96484873,
  -0.89193564,-0.79367527,-0.73282781,-0.69786623,-0.61700564,-0.51794772,
  -0.40234826,-0.27510071,-0.12548439, 0.01147913,-0.05011759,-0.12241278,
  -0.14896716,-0.15452673],
 [ 0.        ,-0.81989326,-0.86549496,-0.93179786,-1.00639252,-0.9552674 ,
  -0.86396677,-0.76318254,-0.68798966,-0.65345988,-0.59541731,-0.52918502,
  -0.42686999,-0.3180876 ,-0.17002602,-0.02451501,-0.00178372,-0.08266071,
  -0.12408982,-0.14163984],
 [ 0.        ,-0.94109904,-0.89937823,-0.93438409,-0.98468184,-0.93942877,
  -0.82449682,-0.72752174,-0.65442619,-0.60343744,-0.56676325,-0.50929327,
  -0.43882481,-0.33810134,-0.20843791,-0.06604548, 0.02834557,-0.05007121,
  -0.10820523,-0.13513816]])

KK07SingleTrajectoryAdot = np.array([[ 0.        , -0.40396083, -2.04207286, -2.55021357, -1.45894062,
        -0.84924348, -0.51473076, -0.32149656, -0.20410683, -0.152044  ,
        -0.12113022, -0.09847505, -0.08140764, -0.06825122, -0.05791092,
        -0.04964781, -0.04294893, -0.0374494 , -0.0328841 , -0.02905677],
       [ 0.        , -0.37582883, -1.60372209, -2.73680616, -1.63049099,
        -0.96765448, -0.59575789, -0.37815348, -0.24467643, -0.16589263,
        -0.13526287, -0.11004875, -0.09104441, -0.07638789, -0.0648631 ,
        -0.05564908, -0.04817578, -0.0420376 , -0.03693977, -0.03266401],
       [ 0.        , -0.35064673, -1.38651683, -2.87662903, -1.81569687,
        -1.10305624, -0.69085583, -0.44579497, -0.29377958, -0.20022564,
        -0.14948151, -0.12354176, -0.10228766, -0.08588801, -0.07298623,
        -0.06266627, -0.0542919 , -0.0474103 , -0.0416923 , -0.03689407],
       [ 0.        , -0.32777967, -1.23432958, -2.91032374, -2.0079684 ,
        -1.25622482, -0.80204835, -0.52645287, -0.35319377, -0.24385108,
        -0.17902986, -0.13794661, -0.11549967, -0.09705949, -0.08254514,
        -0.07092951, -0.06149905, -0.05374577, -0.04730029, -0.04188895],
       [ 0.        , -0.30676713, -1.11651082, -2.71967186, -2.19263342,
        -1.42627708, -0.93117358, -0.62237866, -0.4250188 , -0.29787368,
        -0.21866557, -0.16597499, -0.13076093, -0.10847994, -0.09387879,
        -0.08073337, -0.07005551, -0.06127225, -0.05396686, -0.04783049],
       [ 0.        , -0.28726347, -1.01948045, -2.39169747, -2.33888816,
        -1.6087779 , -1.07933022, -0.73589798, -0.51167608, -0.36422009,
        -0.26907248, -0.20405568, -0.15892524, -0.12731969, -0.10557482,
        -0.0924603 , -0.08029667, -0.07028618, -0.06195582, -0.05495497],
       [ 0.        , -0.2690009 , -0.93604934, -2.14510583, -2.38186866,
        -1.79179579, -1.24567707, -0.86902771, -0.6158206 , -0.44551079,
        -0.33231147, -0.25330956, -0.19720041, -0.15674594, -0.1273053 ,
        -0.10594253, -0.09111107, -0.0811787 , -0.07161535, -0.0635742 ],
       [ 0.        , -0.25176504, -0.86195904, -1.945405  , -2.20177085,
        -1.94721714, -1.42479828, -1.02255572, -0.74003705, -0.54468083,
        -0.41104762, -0.31598518, -0.24721265, -0.19665992, -0.15901665,
        -0.13075143, -0.10942921, -0.09348679, -0.08216434, -0.07410716],
       [ 0.        , -0.2353777 , -0.79447621, -1.77530014, -1.98863006,
        -2.00987069, -1.60068218, -1.19386445, -0.88600946, -0.66468201,
        -0.50855363, -0.39516336, -0.31165357, -0.2492591 , -0.20201033,
        -0.16587347, -0.13797881, -0.11629394, -0.09941617, -0.08637025],
       [ 0.        , -0.21968363, -0.73173166, -1.62424082, -1.81505831,
        -1.86352516, -1.73191808, -1.37164164, -1.05237483, -0.80785999,
        -0.62821564, -0.49447603, -0.39404535, -0.31771229, -0.25907134,
        -0.21353389, -0.17779584, -0.14958811, -0.12711994, -0.10914481],
       [ 0.        , -0.20453865, -0.67237424, -1.48578527, -1.66556493,
        -1.69806228, -1.71050404, -1.5221322 , -1.22909241, -0.97304854,
        -0.77266866, -0.6178837 , -0.49862378, -0.40625918, -0.33409393,
        -0.27723596, -0.23204735, -0.19583877, -0.16660797, -0.14285132],
       [ 0.        , -0.18979659, -0.61537279, -1.35547879, -1.53054442,
        -1.5618124 , -1.55515358, -1.5487191 , -1.38162851, -1.14872478,
        -0.93991782, -0.76777432, -0.62975834, -0.51983825, -0.43218219,
        -0.36189241, -0.305234  , -0.25922927, -0.22162652, -0.19066666],
       [ 0.        , -0.17529142, -0.55989182, -1.23015792, -1.40376062,
        -1.44193616, -1.43430686, -1.41383467, -1.39994943, -1.2908295 ,
        -1.11304185, -0.93947128, -0.7886648 , -0.66264916, -0.55882611,
        -0.47357598, -0.40348223, -0.34564445, -0.29770081, -0.25776085],
       [ 0.        , -0.16080674, -0.50520326, -1.106997  , -1.28049293,
        -1.3301625 , -1.33087126, -1.31019508, -1.28307314, -1.26027753,
        -1.22182235, -1.10165262, -0.96300913, -0.83219455, -0.71674009,
        -0.61767679, -0.53355912, -0.46248289, -0.40240201, -0.35152166],
       [ 0.        , -0.14626814, -0.45060994, -0.98396363, -1.15683466,
        -1.22038821, -1.23483578, -1.2231402 , -1.19807577, -1.1688881 ,
        -1.14217075, -1.1199653 , -1.08289692, -0.99403869, -0.89088988,
        -0.79007369, -0.69776759, -0.61566508, -0.54363367, -0.48093374],
       [ 0.        , -0.13094891, -0.39535516, -0.85875629, -1.02912156,
        -1.10689574, -1.13847414, -1.14158214, -1.126843  , -1.1026474 ,
        -1.07498961, -1.04589698, -1.01797116, -0.9931028 , -0.97327014,
        -0.93118376, -0.86459422, -0.79084724, -0.71784726, -0.64910906],
       [ 0.        , -0.11474272, -0.33846792, -0.72930713, -0.89328664,
        -0.98392136, -1.03406942, -1.05576257, -1.05719082, -1.04535223,
        -1.02577309, -1.00083212, -0.97312632, -0.94468857, -0.91663247,
        -0.89009026, -0.86561867, -0.8438793 , -0.82574516, -0.79650088],
       [ 0.        , -0.09724349, -0.27856602, -0.5926269 , -0.74404165,
        -0.84337772, -0.91104541, -0.9535888 , -0.97560042, -0.98215661,
        -0.97781514, -0.96492556, -0.94628138, -0.92377169, -0.8989627 ,
        -0.87312876, -0.84704292, -0.82142461, -0.79653639, -0.77281779],
       [ 0.        , -0.07760202, -0.21299443, -0.44364232, -0.57308135,
        -0.67229238, -0.75207723, -0.81384454, -0.85873994, -0.88884877,
        -0.90684444, -0.91433811, -0.91343342, -0.90601249, -0.89366986,
        -0.87788197, -0.8593825 , -0.83931084, -0.81816672, -0.79646094],
       [ 0.        , -0.05358124, -0.13691762, -0.27162039, -0.36338395,
        -0.44458695, -0.51985037, -0.58870031, -0.64926847, -0.70152863,
        -0.74521002, -0.78052293, -0.80784414, -0.82805905, -0.84189179,
        -0.85029308, -0.85376104, -0.85332479, -0.8494588 , -0.84283676]])

KK07SingleTrajectoryEdot = np.array([[  0.00000000e+00,   4.45355419e-14,   2.24869900e-13,
          2.79920531e-13,   1.60343960e-13,   9.30469035e-14,
          5.63771252e-14,   3.50808271e-14,   2.20896634e-14,
          1.66334446e-14,   1.33485029e-14,   1.05097042e-14,
          8.70080397e-15,   7.29012684e-15,   5.94697902e-15,
          5.38619149e-15,   4.49931065e-15,   3.97397393e-15,
          3.10388867e-15,   3.15660345e-15],
       [  0.00000000e+00,  -4.20704749e-03,  -1.25951048e-01,
          1.60235111e-01,   1.28317100e-01,   8.50493429e-02,
          5.66743502e-02,   3.87310358e-02,   2.71172206e-02,
          1.40693023e-02,   1.06665491e-02,   8.71760635e-03,
          7.24438113e-03,   6.10492321e-03,   5.20637444e-03,
          4.48594955e-03,   3.89998251e-03,   3.41735580e-03,
          3.01541809e-03,   2.67736959e-03],
       [  0.00000000e+00,  -7.34679481e-03,  -1.66995330e-01,
          2.93318175e-01,   2.75108675e-01,   1.88576428e-01,
          1.27820356e-01,   8.84281968e-02,   6.25759358e-02,
          4.13934983e-02,   2.25984809e-02,   1.94621012e-02,
          1.61822900e-02,   1.36446752e-02,   1.16428925e-02,
          1.00373865e-02,   8.73108217e-03,   7.65478932e-03,
          6.75813368e-03,   6.00374766e-03],
       [  0.00000000e+00,  -9.64174386e-03,  -1.79957292e-01,
          3.40983554e-01,   4.34330060e-01,   3.11749368e-01,
          2.15755847e-01,   1.51349370e-01,   1.08331308e-01,
          7.60972932e-02,   4.89417865e-02,   3.17929694e-02,
          2.71920832e-02,   2.29410873e-02,   1.95865626e-02,
          1.68951813e-02,   1.47046120e-02,   1.28991330e-02,
          1.13944778e-02,   1.01281265e-02],
       [  0.00000000e+00,  -1.12414961e-02,  -1.80095347e-01,
          1.80260970e-01,   5.90882534e-01,   4.53840819e-01,
          3.22566924e-01,   2.29985715e-01,   1.66693772e-01,
          1.20559648e-01,   8.37916848e-02,   5.79612403e-02,
          4.08758177e-02,   3.22988674e-02,   2.93934327e-02,
          2.53689912e-02,   2.20922844e-02,   1.93906701e-02,
          1.71384114e-02,   1.52422041e-02],
       [  0.00000000e+00,  -1.22486237e-02,  -1.73449773e-01,
         -7.36207842e-02,   7.10937629e-01,   6.09880761e-01,
          4.49384296e-01,   3.26844323e-01,   2.40296995e-01,
          1.77396940e-01,   1.28731541e-01,   9.34324612e-02,
          6.80959636e-02,   5.04841400e-02,   3.94433362e-02,
          3.58613681e-02,   3.12473877e-02,   2.74418826e-02,
          2.42682393e-02,   2.15953768e-02],
       [  0.00000000e+00,  -1.27346247e-02,  -1.62935380e-01,
         -1.97239250e-01,   7.19896237e-01,   7.65680988e-01,
          5.94803238e-01,   4.43899117e-01,   3.31930887e-01,
          2.49420616e-01,   1.86284595e-01,   1.39700705e-01,
          1.05221256e-01,   7.97898817e-02,   6.12829528e-02,
          4.83539448e-02,   4.06827070e-02,   3.74645136e-02,
          3.31507359e-02,   2.95163811e-02],
       [  0.00000000e+00,  -1.27505847e-02,  -1.50148608e-01,
         -2.54284326e-01,   4.77706190e-01,   8.86696640e-01,
          7.51391081e-01,   5.81295357e-01,   4.44053237e-01,
          3.39717839e-01,   2.59536130e-01,   1.99416453e-01,
          1.54082457e-01,   1.19749908e-01,   9.37005898e-02,
          7.40171318e-02,   5.93568791e-02,   4.89092958e-02,
          4.26257764e-02,   3.94452522e-02],
       [  0.00000000e+00,  -1.23351789e-02,  -1.36047027e-01,
         -2.73787444e-01,   2.44860768e-01,   8.90769475e-01,
          8.97639202e-01,   7.34312412e-01,   5.77534469e-01,
          4.51142478e-01,   3.51845184e-01,   2.75885233e-01,
          2.17616725e-01,   1.72681062e-01,   1.37833103e-01,
          1.10698563e-01,   8.95488374e-02,   7.31128874e-02,
          6.04984910e-02,   5.11288822e-02],
       [  0.00000000e+00,  -1.15218239e-02,  -1.21246954e-01,
         -2.70975116e-01,   9.91306998e-02,   6.32964488e-01,
          9.77957441e-01,   8.86001578e-01,   7.28509665e-01,
          5.84741887e-01,   4.66275997e-01,   3.72786205e-01,
          2.99504405e-01,   2.41978423e-01,   1.96590982e-01,
          1.60588632e-01,   1.31885335e-01,   1.08936435e-01,
          9.05524848e-02,   7.58529587e-02],
       [  0.00000000e+00,  -1.03466943e-02,  -1.06168958e-01,
         -2.54475144e-01,   8.25875630e-03,   3.95143741e-01,
          8.46106028e-01,   9.87990387e-01,   8.80245659e-01,
          7.36175287e-01,   6.03612693e-01,   4.93169972e-01,
          4.03699296e-01,   3.31779385e-01,   2.73967412e-01,
          2.27328691e-01,   1.89531953e-01,   1.58758280e-01,
          1.33598051e-01,   1.12958482e-01],
       [  0.00000000e+00,  -8.85995284e-03,  -9.11156726e-02,
         -2.29567661e-01,  -4.64603930e-02,   2.34376875e-01,
          5.55428005e-01,   9.03458761e-01,   9.80409183e-01,
          8.84886069e-01,   7.57148199e-01,   6.36689924e-01,
          5.32858988e-01,   4.46163445e-01,   3.74576129e-01,
          3.15619524e-01,   2.66990123e-01,   2.26759085e-01,
          1.93350830e-01,   1.65495307e-01],
       [  0.00000000e+00,  -7.14438995e-03,  -7.63175326e-02,
         -1.99723280e-01,  -7.62975292e-02,   1.24826291e-01,
          3.56176734e-01,   6.03084876e-01,   8.67316208e-01,
          9.61538875e-01,   8.96018285e-01,   7.90658329e-01,
          6.83435583e-01,   5.86294590e-01,   5.02044776e-01,
          4.30293159e-01,   3.69619103e-01,   3.18404669e-01,
          2.75137366e-01,   2.38503319e-01],
       [  0.00000000e+00,  -5.35032975e-03,  -6.19640758e-02,
         -1.67280527e-01,  -8.85056889e-02,   5.12496567e-02,
          2.15886646e-01,   3.91124658e-01,   5.71954969e-01,
          7.58853626e-01,   9.08516348e-01,   8.99802787e-01,
          8.28334908e-01,   7.40157989e-01,   6.52773182e-01,
          5.72543908e-01,   5.01332563e-01,   4.39107335e-01,
          3.85136717e-01,   3.38459565e-01],
       [  0.00000000e+00,  -3.38262384e-03,  -4.82329672e-02,
         -1.34060363e-01,  -8.80331941e-02,   4.22850680e-03,
          1.17313043e-01,   2.39777096e-01,   3.65724654e-01,
          4.92616961e-01,   6.20279196e-01,   7.51027785e-01,
          8.48913542e-01,   8.42494552e-01,   7.91150502e-01,
          7.24122404e-01,   6.54356260e-01,   5.87561068e-01,
          5.26056759e-01,   4.70543171e-01],
       [  0.00000000e+00,  -2.12399325e-03,  -3.53329374e-02,
         -1.01445962e-01,  -7.85086140e-02,  -2.24672188e-02,
          5.03496362e-02,   1.31964913e-01,   2.17409990e-01,
          3.03627548e-01,   3.88985374e-01,   4.73489927e-01,
          5.57618197e-01,   6.42516762e-01,   7.30636648e-01,
          7.72636804e-01,   7.60389047e-01,   7.22878800e-01,
          6.74616286e-01,   6.23057581e-01],
       [  0.00000000e+00,  -1.22752434e-03,  -2.36014359e-02,
         -7.07412997e-02,  -6.28200786e-02,  -3.32901013e-02,
          8.63279355e-03,   5.82161729e-02,   1.12083209e-01,
          1.67723519e-01,   2.23395090e-01,   2.78395331e-01,
          3.32296145e-01,   3.84999013e-01,   4.36564300e-01,
          4.87497112e-01,   5.38140764e-01,   5.89166341e-01,
          6.42217578e-01,   6.70452005e-01],
       [  0.00000000e+00,  -5.99244618e-04,  -1.35143426e-02,
         -4.32378848e-02,  -4.35471819e-02,  -3.18222240e-02,
         -1.22571266e-02,   1.29997682e-02,   4.21859292e-02,
          7.37512672e-02,   1.06425087e-01,   1.39462992e-01,
          1.72301156e-01,   2.04516513e-01,   2.35872309e-01,
          2.66317072e-01,   2.95805612e-01,   3.24411497e-01,
          3.52162733e-01,   3.79301953e-01],
       [  0.00000000e+00,  -2.06176136e-04,  -6.18599335e-03,
         -2.06252788e-02,  -2.35397154e-02,  -2.15793623e-02,
         -1.60383193e-02,  -7.38444826e-03,   3.86875198e-03,
          1.71273931e-02,   3.17996499e-02,   4.74660741e-02,
          6.37062805e-02,   8.01916050e-02,   9.66692548e-02,
          1.12957950e-01,   1.28918046e-01,   1.44473301e-01,
          1.59563390e-01,   1.74159257e-01],
       [  0.00000000e+00,  -2.56618810e-05,  -1.58082145e-03,
         -5.56667944e-03,  -7.12672967e-03,  -7.82495664e-03,
         -7.87142150e-03,  -7.24978256e-03,  -5.94510216e-03,
         -3.86104932e-03,  -1.10101330e-03,   2.27553223e-03,
          6.19283744e-03,   1.05405659e-02,   1.52373574e-02,
          2.02006646e-02,   2.53484316e-02,   3.06221990e-02,
          3.59598043e-02,   4.13183637e-02]])

KK07BinaryAdot = 2*np.array([[  0.00000000e+00,  -1.38468568e-01,  -1.68363415e+00,
         -2.18443180e+00,  -1.10868135e+00,  -5.19608316e-01,
         -2.54730760e-01,  -2.28137154e-01,  -1.36382937e-01,
         -9.33982752e-02,  -6.70880930e-02,  -4.72103370e-02,
         -3.19995855e-02,  -2.01713985e-02,  -1.08282309e-02,
         -3.34116706e-03,   2.73659950e-03,   7.72778091e-03,
          1.18693506e-02,   1.53380747e-02],
       [  0.00000000e+00,  -1.19186178e-01,  -1.24934356e+00,
         -2.37024461e+00,  -1.27687167e+00,  -6.33110709e-01,
         -2.90157121e-01,  -2.56028334e-01,  -1.69745419e-01,
         -1.03899110e-01,  -7.92151094e-02,  -5.74121884e-02,
         -4.06196612e-02,  -2.75133716e-02,  -1.71353809e-02,
         -8.80406051e-03,  -2.03115596e-03,   3.53774289e-03,
          8.16374797e-03,   1.20420906e-02],
       [  0.00000000e+00,  -1.03189762e-01,  -1.03754425e+00,
         -2.51057380e+00,  -1.45974890e+00,  -7.64508194e-01,
         -3.77452512e-01,  -2.54185993e-01,  -2.03341976e-01,
         -1.32797306e-01,  -9.05762034e-02,  -6.90964754e-02,
         -5.05930491e-02,  -3.60617361e-02,  -2.45126708e-02,
         -1.52177410e-02,  -7.64707656e-03,  -1.41264654e-03,
          3.77300679e-03,   8.12561148e-03],
       [  0.00000000e+00,  -8.97698386e-02,  -8.92059385e-01,
         -2.54613221e+00,  -1.65079457e+00,  -9.14606197e-01,
         -4.83138763e-01,  -3.03073769e-01,  -2.14225638e-01,
         -1.65170391e-01,  -1.15448544e-01,  -8.08705982e-02,
         -6.20877030e-02,  -4.60109474e-02,  -3.31518416e-02,
         -2.27618127e-02,  -1.42761147e-02,  -7.27374180e-03,
         -1.43962267e-03,   3.46421197e-03],
       [  0.00000000e+00,  -7.84062516e-02,  -7.82173157e-01,
         -2.35876547e+00,  -1.83542648e+00,  -1.08257697e+00,
         -6.08038427e-01,  -3.80697667e-01,  -2.45975082e-01,
         -1.84590300e-01,  -1.45305090e-01,  -1.04465298e-01,
         -7.47644126e-02,  -5.57180007e-02,  -4.32597161e-02,
         -3.16442991e-02,  -2.21160757e-02,  -1.42294148e-02,
         -7.64342981e-03,  -2.09740346e-03],
       [  0.00000000e+00,  -6.87079185e-02,  -6.94226079e-01,
         -2.03554785e+00,  -1.98294426e+00,  -1.26406751e+00,
         -7.53191899e-01,  -4.81356969e-01,  -3.10644220e-01,
         -2.08400813e-01,  -1.64815951e-01,  -1.32774218e-01,
         -9.83402266e-02,  -7.18487458e-02,  -5.31531615e-02,
         -4.20833643e-02,  -3.13938607e-02,  -2.24998865e-02,
         -1.50461333e-02,  -8.75265259e-03],
       [  0.00000000e+00,  -6.03748929e-02,  -6.20941576e-01,
         -1.79521553e+00,  -2.02859386e+00,  -1.44725429e+00,
         -9.17537076e-01,  -6.04773915e-01,  -3.98995265e-01,
         -2.67244289e-01,  -1.88925911e-01,  -1.48640020e-01,
         -1.25430885e-01,  -9.60616911e-02,  -7.18310402e-02,
         -5.35492262e-02,  -4.07782790e-02,  -3.23312644e-02,
         -2.38941169e-02,  -1.67385401e-02],
       [  0.00000000e+00,  -5.31731796e-02,  -5.57971414e-01,
         -1.60328504e+00,  -1.85267933e+00,  -1.60415419e+00,
         -1.09590719e+00,  -7.50826542e-01,  -5.10878350e-01,
         -3.49869560e-01,  -2.46161167e-01,  -1.78780331e-01,
         -1.38526232e-01,  -1.21010912e-01,  -9.68936508e-02,
         -7.45962506e-02,  -5.66638589e-02,  -4.29399184e-02,
         -3.31969727e-02,  -2.63284465e-02],
       [  0.00000000e+00,  -4.69170670e-02,  -5.02496148e-01,
         -1.44244700e+00,  -1.64533332e+00,  -1.66974273e+00,
         -1.27227367e+00,  -9.16504780e-01,  -6.46993909e-01,
         -4.56765686e-01,  -3.27436558e-01,  -2.38021674e-01,
         -1.76815866e-01,  -1.36410203e-01,  -1.16506913e-01,
         -9.97306299e-02,  -7.99676744e-02,  -6.25028473e-02,
         -4.82446969e-02,  -3.70057077e-02],
       [  0.00000000e+00,  -4.14558212e-02,  -4.52570259e-01,
         -1.30211626e+00,  -1.47924624e+00,  -1.52794251e+00,
         -1.40547913e+00,  -1.09043937e+00,  -8.05589317e-01,
         -5.89183751e-01,  -4.33913254e-01,  -3.21849227e-01,
         -2.41092606e-01,  -1.82995481e-01,  -1.41822335e-01,
         -1.14166530e-01,  -1.01120085e-01,  -8.69099193e-02,
         -7.09253454e-02,  -5.65500320e-02],
       [  0.00000000e+00,  -3.66624672e-02,  -4.06782498e-01,
         -1.17580246e+00,  -1.33898111e+00,  -1.36878474e+00,
         -1.38762676e+00,  -1.23879256e+00,  -9.76327204e-01,
         -7.45641882e-01,  -5.67412287e-01,  -4.32425719e-01,
         -3.31071549e-01,  -2.55107095e-01,  -1.98124354e-01,
         -1.55522772e-01,  -1.24161087e-01,  -1.02051500e-01,
         -9.07269286e-02,  -8.01903941e-02],
       [  0.00000000e+00,  -3.24224238e-02,  -3.64064841e-01,
         -1.05899864e+00,  -1.21496052e+00,  -1.24073309e+00,
         -1.23773613e+00,  -1.26517388e+00,  -1.12480248e+00,
         -9.14423016e-01,  -7.25577013e-01,  -5.71469104e-01,
         -4.49924262e-01,  -3.55024690e-01,  -2.81179948e-01,
         -2.23708684e-01,  -1.79033880e-01,  -1.44345053e-01,
         -1.17623367e-01,  -9.74869248e-02],
       [  0.00000000e+00,  -2.86187244e-02,  -3.23576866e-01,
         -9.48500079e-01,  -1.10095717e+00,  -1.13105713e+00,
         -1.12435122e+00,  -1.13223105e+00,  -1.14099229e+00,
         -1.05149036e+00,  -8.91406799e-01,  -7.34084182e-01,
         -5.98304311e-01,  -4.86097216e-01,  -3.95030723e-01,
         -3.21633376e-01,  -2.62496670e-01,  -2.14864449e-01,
         -1.76511731e-01,  -1.45604590e-01],
       [  0.00000000e+00,  -2.51072983e-02,  -2.84629716e-01,
         -8.41471478e-01,  -9.92256873e-01,  -1.03157101e+00,
         -1.03056024e+00,  -1.03272843e+00,  -1.02423503e+00,
         -1.01796612e+00,  -9.94762430e-01,  -8.88949934e-01,
         -7.63752131e-01,  -6.45509089e-01,  -5.41789034e-01,
         -4.53667331e-01,  -3.79749385e-01,  -3.18144359e-01,
         -2.66952838e-01,  -2.24352096e-01],
       [  0.00000000e+00,  -2.19196009e-02,  -2.46629023e-01,
         -7.35933127e-01,  -8.84989383e-01,  -9.36251525e-01,
         -9.46508724e-01,  -9.52317120e-01,  -9.41792547e-01,
         -9.25880494e-01,  -9.11913606e-01,  -9.01875736e-01,
         -8.76522646e-01,  -7.98819136e-01,  -7.06242840e-01,
         -6.15410241e-01,  -5.32506431e-01,  -4.59243283e-01,
         -3.95513764e-01,  -3.40568919e-01],
       [  0.00000000e+00,  -1.84875526e-02,  -2.09019435e-01,
         -6.29749102e-01,  -7.75616060e-01,  -8.39506845e-01,
         -8.64787658e-01,  -8.80142656e-01,  -8.75964319e-01,
         -8.61748803e-01,  -8.43895287e-01,  -8.24713192e-01,
         -8.06524964e-01,  -7.91151849e-01,  -7.80503885e-01,
         -7.47242045e-01,  -6.89151493e-01,  -6.23440254e-01,
         -5.58125287e-01,  -4.96620101e-01],
       [  0.00000000e+00,  -1.49551986e-02,  -1.71199983e-01,
         -5.21226312e-01,  -6.60399017e-01,  -7.35860843e-01,
         -7.77822968e-01,  -8.06746435e-01,  -8.14775151e-01,
         -8.09477803e-01,  -7.96886473e-01,  -7.79211527e-01,
         -7.59033433e-01,  -7.38161488e-01,  -7.17704030e-01,
         -6.98625784e-01,  -6.81435042e-01,  -6.66754943e-01,
         -6.55431864e-01,  -6.32734178e-01],
       [  0.00000000e+00,  -1.13474163e-02,  -1.32488756e-01,
         -4.08176812e-01,  -5.34839531e-01,  -6.17951469e-01,
         -6.75498076e-01,  -7.20629013e-01,  -7.45117087e-01,
         -7.54932127e-01,  -7.54524389e-01,  -7.46264873e-01,
         -7.32680139e-01,  -7.15532998e-01,  -6.96358771e-01,
         -6.76251611e-01,  -6.55912187e-01,  -6.36081683e-01,
         -6.16895112e-01,  -5.98764267e-01],
       [  0.00000000e+00,  -7.67309375e-03,  -9.17169236e-02,
         -2.87371557e-01,  -3.92612223e-01,  -4.74768927e-01,
         -5.42918627e-01,  -6.02227859e-01,  -6.45612424e-01,
         -6.75283279e-01,  -6.93838838e-01,  -7.02909087e-01,
         -7.04237182e-01,  -6.99704252e-01,  -6.90634907e-01,
         -6.78424064e-01,  -6.63711031e-01,  -6.47677228e-01,
         -6.30657054e-01,  -6.13121806e-01],
       [  0.00000000e+00,  -3.96291184e-03,  -4.81714172e-02,
         -1.53520533e-01,  -2.22953097e-01,  -2.86891700e-01,
         -3.48979711e-01,  -4.10138343e-01,  -4.64589328e-01,
         -5.12380067e-01,  -5.52742403e-01,  -5.85627460e-01,
         -6.11644935e-01,  -6.31228184e-01,  -6.45042692e-01,
         -6.53928276e-01,  -6.58269268e-01,  -6.59227732e-01,
         -6.57008212e-01,  -6.52262690e-01]])

KK07BinaryEdot = 2*np.array([[  0.00000000e+00,   1.44942947e-14,   1.85220728e-13,
          2.40877540e-13,   1.21540555e-13,   5.62343505e-14,
          2.75314771e-14,   2.42681708e-14,   1.44697032e-14,
          9.72470715e-15,   7.29985516e-15,   5.28330851e-15,
          3.13553697e-15,   1.86650695e-15,   2.39880164e-16,
         -4.62307276e-16,  -7.68576175e-16,  -1.45244580e-15,
         -2.04617920e-15,  -2.83044768e-15],
       [  0.00000000e+00,  -6.27682140e-03,  -1.32808382e-01,
          1.50643701e-01,   1.17745808e-01,   7.41808650e-02,
          3.81557253e-02,   1.87014583e-02,   2.12531285e-02,
          1.07098669e-02,   8.19100451e-03,   6.66878615e-03,
          5.44023176e-03,   4.45707731e-03,   3.66605005e-03,
          3.02366963e-03,   2.49670141e-03,   2.06011621e-03,
          1.69503642e-03,   1.38711684e-03],
       [  0.00000000e+00,  -1.10308541e-02,  -1.79802904e-01,
          2.74781815e-01,   2.54319091e-01,   1.67039808e-01,
          1.00902715e-01,   1.74809207e-02,   4.36287172e-02,
          3.28200620e-02,   1.68514926e-02,   1.49269174e-02,
          1.22971592e-02,   1.01575270e-02,   8.42155592e-03,
          7.00485155e-03,   5.83892469e-03,   4.87075177e-03,
          4.05973485e-03,   3.37474028e-03],
       [  0.00000000e+00,  -1.45276322e-02,  -1.97721114e-01,
          3.14359271e-01,   4.03878947e-01,   2.79908336e-01,
          1.79482057e-01,   6.95770783e-02,   4.49637710e-02,
          5.67925543e-02,   3.81875290e-02,   2.39639258e-02,
          2.07664187e-02,   1.73200483e-02,   1.44802628e-02,
          1.21435236e-02,   1.02107270e-02,   8.60033682e-03,
          7.24806393e-03,   6.10378815e-03],
       [  0.00000000e+00,  -1.69617079e-02,  -2.01770944e-01,
          1.46606242e-01,   5.51550050e-01,   4.12247681e-01,
          2.76974570e-01,   1.43736830e-01,   7.58333613e-02,
          6.66294680e-02,   6.28563848e-02,   4.50183852e-02,
          3.10235086e-02,   2.40298973e-02,   2.20706758e-02,
          1.86691312e-02,   1.58306697e-02,   1.34527201e-02,
          1.14485094e-02,   9.74801383e-03],
       [  0.00000000e+00,  -1.84806799e-02,  -1.97978453e-01,
         -1.13069187e-01,   6.63742033e-01,   5.59305223e-01,
          3.94800298e-01,   2.36779054e-01,   1.40247710e-01,
          8.63055850e-02,   7.46347577e-02,   6.96424107e-02,
          5.26927142e-02,   3.85128114e-02,   2.92884487e-02,
          2.68162795e-02,   2.29447874e-02,   1.96681488e-02,
          1.68889061e-02,   1.45206726e-02],
       [  0.00000000e+00,  -1.91998935e-02,  -1.89278385e-01,
         -2.41097926e-01,   6.66099427e-01,   7.07139695e-01,
          5.32003304e-01,   3.50163358e-01,   2.26690359e-01,
          1.45721059e-01,   9.49535521e-02,   7.79151430e-02,
          7.67878756e-02,   6.13323227e-02,   4.69217578e-02,
          3.61664705e-02,   2.98285159e-02,   2.75059860e-02,
          2.38326200e-02,   2.06774823e-02],
       [  0.00000000e+00,  -1.92123124e-02,  -1.77317635e-01,
         -3.01066639e-01,   4.18805657e-01,   8.21478802e-01,
          6.81310603e-01,   4.84214410e-01,   3.35309461e-01,
          2.29169756e-01,   1.54378094e-01,   1.06362110e-01,
          8.22741127e-02,   8.31448584e-02,   7.09310347e-02,
          5.66856192e-02,   4.48171945e-02,   3.60515970e-02,
          3.08864824e-02,   2.85006757e-02],
       [  0.00000000e+00,  -1.85960833e-02,  -1.63130093e-01,
         -3.21955620e-01,   1.82563997e-01,   8.20452203e-01,
          8.21617486e-01,   6.34539965e-01,   4.66441443e-01,
          3.36527266e-01,   2.39101142e-01,   1.69408533e-01,
          1.21629557e-01,   9.22820697e-02,   8.56853630e-02,
          8.05422243e-02,   6.79338472e-02,   5.55320789e-02,
          4.52267356e-02,   3.73449253e-02],
       [  0.00000000e+00,  -1.74215149e-02,  -1.47429158e-01,
         -3.18998030e-01,   3.53093807e-02,   5.59410035e-01,
          8.97613274e-01,   7.84541458e-01,   6.16196945e-01,
          4.67952313e-01,   3.49275946e-01,   2.58890660e-01,
          1.91539547e-01,   1.42595591e-01,   1.08683227e-01,
          8.82972834e-02,   8.57323265e-02,   7.94289303e-02,
          6.82353285e-02,   5.72258306e-02],
       [  0.00000000e+00,  -1.57591086e-02,  -1.30748172e-01,
         -3.00888178e-01,  -5.51177661e-02,   3.20470373e-01,
          7.63456872e-01,   8.86308899e-01,   7.68105991e-01,
          6.18914404e-01,   4.84768891e-01,   3.75403421e-01,
          2.89167856e-01,   2.22348453e-01,   1.71341626e-01,
          1.33178539e-01,   1.05830395e-01,   8.83036484e-02,
          8.44551756e-02,   8.04054860e-02],
       [  0.00000000e+00,  -1.36909492e-02,  -1.13513617e-01,
         -2.73031010e-01,  -1.07410378e-01,   1.60896195e-01,
          4.72776020e-01,   8.03419403e-01,   8.70166905e-01,
          7.69006772e-01,   6.38656155e-01,   5.17822898e-01,
          4.15393584e-01,   3.31559653e-01,   2.64079775e-01,
          2.10355716e-01,   1.68013813e-01,   1.35117066e-01,
          1.10206979e-01,   9.24008973e-02],
       [  0.00000000e+00,  -1.13296050e-02,  -9.60870076e-02,
         -2.39075631e-01,  -1.32926194e-01,   5.49429473e-02,
          2.76149057e-01,   5.06973006e-01,   7.61174388e-01,
          8.49244899e-01,   7.80226323e-01,   6.73328083e-01,
          5.66099861e-01,   4.70195952e-01,   3.88209514e-01,
          3.19606375e-01,   2.62827262e-01,   2.16181381e-01,
          1.78129485e-01,   1.47313672e-01],
       [  0.00000000e+00,  -8.85338517e-03,  -7.87933243e-02,
         -2.01586083e-01,  -1.39112186e-01,  -1.26757349e-02,
          1.41265473e-01,   3.01644098e-01,   4.72542263e-01,
          6.52803937e-01,   7.98161627e-01,   7.86880695e-01,
          7.14224879e-01,   6.25968616e-01,   5.39412015e-01,
          4.60765784e-01,   3.91774568e-01,   3.32301255e-01,
          2.81568989e-01,   2.38530717e-01],
       [  0.00000000e+00,  -6.19377471e-03,  -6.19483496e-02,
         -1.62648617e-01,  -1.31218349e-01,  -5.15897146e-02,
          5.08517716e-02,   1.59796379e-01,   2.76063603e-01,
          3.95960771e-01,   5.18589114e-01,   6.45865285e-01,
          7.41508843e-01,   7.33859706e-01,   6.82117698e-01,
          6.15382251e-01,   5.46486719e-01,   4.81049851e-01,
          4.21318790e-01,   3.67922795e-01],
       [  0.00000000e+00,  -4.25933358e-03,  -4.59012933e-02,
         -1.23945355e-01,  -1.13278119e-01,  -6.84273850e-02,
         -5.51462069e-03,   6.42825207e-02,   1.40637477e-01,
          2.19805942e-01,   2.99704048e-01,   3.80001867e-01,
          4.60997496e-01,   5.43661113e-01,   6.30301331e-01,
          6.71459233e-01,   6.58908994e-01,   6.21555571e-01,
          5.73844377e-01,   5.23167453e-01],
       [  0.00000000e+00,  -2.72893843e-03,  -3.11339119e-02,
         -8.71100758e-02,  -8.86818712e-02,  -6.82354584e-02,
         -3.47272801e-02,   5.18484987e-03,   5.11102620e-02,
          1.00195271e-01,   1.50404910e-01,   2.00895817e-01,
          2.51101377e-01,   3.00833307e-01,   3.50051391e-01,
          3.99191058e-01,   4.48523975e-01,   4.98659083e-01,
          5.51185891e-01,   5.79214646e-01],
       [  0.00000000e+00,  -1.53545852e-03,  -1.82743679e-02,
         -5.37988214e-02,  -6.06093684e-02,  -5.53922195e-02,
         -4.20885152e-02,  -2.39434952e-02,  -9.01504474e-04,
          2.52511576e-02,   5.31638965e-02,   8.20085082e-02,
          1.11183743e-01,   1.40218427e-01,   1.68825245e-01,
          1.96922276e-01,   2.24427006e-01,   2.51374070e-01,
          2.77766079e-01,   3.03815997e-01],
       [  0.00000000e+00,  -6.75690497e-04,  -8.60650651e-03,
         -2.61181454e-02,  -3.26310575e-02,  -3.44397582e-02,
         -3.26962906e-02,  -2.82787177e-02,  -2.09139153e-02,
         -1.12461461e-02,   1.04911906e-04,   1.26881645e-02,
          2.60886752e-02,   3.99543960e-02,   5.40335324e-02,
          6.81316459e-02,   8.20984218e-02,   9.58395727e-02,
          1.09291409e-01,   1.22413799e-01],
       [  0.00000000e+00,  -1.63723349e-04,  -2.30388265e-03,
         -7.25457019e-03,  -1.00071277e-02,  -1.20232167e-02,
         -1.34651237e-02,  -1.43900688e-02,  -1.45929310e-02,
         -1.39870252e-02,  -1.26577711e-02,  -1.06584696e-02,
         -8.08139588e-03,  -5.02096115e-03,  -1.56078406e-03,
          2.21706720e-03,   6.23133702e-03,   1.04144039e-02,
          1.47120492e-02,   1.90790090e-02]])
O99SingleTrajectoryAdot = np.array([[ 0.        , -0.39444915, -2.42531316, -2.40163461, -1.42594562,
        -0.93073779, -0.65263128, -0.48214749, -0.37043288, -0.29337387,
        -0.2380257 , -0.19695365, -0.16564705, -0.14124287, -0.12185398,
        -0.10619603, -0.09337057, -0.08273394, -0.07381533, -0.06626396],
       [ 0.        , -0.36892204, -1.91983044, -2.61137608, -1.56821862,
        -1.02674596, -0.72091811, -0.53298076, -0.40966739, -0.32453995,
        -0.26336453, -0.21795169, -0.18332719, -0.15633127, -0.13487996,
        -0.11755436, -0.10336153, -0.09158996, -0.08171908, -0.07336096],
       [ 0.        , -0.34617935, -1.58919388, -2.82178471, -1.72752298,
        -1.13604561, -0.79912964, -0.5913755 , -0.45481538, -0.36044249,
        -0.29257579, -0.24217152, -0.203728  , -0.17374668, -0.14991836,
        -0.13066988, -0.11489987, -0.10181884, -0.090849  , -0.08155968],
       [ 0.        , -0.32553239, -1.38463198, -2.99236784, -1.90456554,
        -1.260767  , -0.8891459 , -0.65885498, -0.50710519, -0.40208303,
        -0.32648774, -0.27030767, -0.22743928, -0.19399567, -0.16740868,
        -0.14592733, -0.12832508, -0.11372228, -0.10147492, -0.09110283],
       [ 0.        , -0.30649262, -1.23748563, -2.87924912, -2.09729852,
        -1.40306537, -0.99317384, -0.73727767, -0.56806009, -0.45071436,
        -0.36614181, -0.30323634, -0.25520687, -0.21771997, -0.18790838,
        -0.16381519, -0.14406851, -0.12768384, -0.11394006, -0.10229929],
       [ 0.        , -0.28869921, -1.12180405, -2.53830536, -2.29493769,
        -1.56458672, -1.11371801, -0.82890009, -0.63957672, -0.50791582,
        -0.41286029, -0.34207518, -0.28798511, -0.24574247, -0.21213352,
        -0.18496172, -0.16268552, -0.14419778, -0.128687  , -0.11554755],
       [ 0.        , -0.2718756 , -1.0253619 , -2.24722422, -2.4487944 ,
        -1.74484859, -1.25337447, -0.93641412, -0.72401551, -0.57569076,
        -0.46833808, -0.38826593, -0.32701031, -0.27913246, -0.24101659,
        -0.2101864 , -0.18490145, -0.16391029, -0.14629481, -0.13136938],
       [ 0.        , -0.25580215, -0.94148958, -2.02398746, -2.30707027,
        -1.93559078, -1.41407657, -1.06287389, -0.8242835 , -0.65658627,
        -0.53476501, -0.44368901, -0.37390475, -0.31929884, -0.27578992,
        -0.24057472, -0.21167872, -0.18767991, -0.16753376, -0.1504594 ],
       [ 0.        , -0.24029769, -0.86615971, -1.84033498, -2.06168593,
        -2.0904136 , -1.59442046, -1.21123382, -0.94383459, -0.75381834,
        -0.61498232, -0.51082063, -0.43082429, -0.36812531, -0.31810821,
        -0.27758867, -0.24431667, -0.21666793, -0.19344721, -0.17375968],
       [ 0.        , -0.22520655, -0.79674821, -1.68096275, -1.86513049,
        -1.96889986, -1.77783771, -1.38245111, -1.08631509, -0.87132133,
        -0.71265527, -0.592939  , -0.50066567, -0.42816684, -0.37023019,
        -0.32323317, -0.28460322, -0.25247647, -0.22547758, -0.20257475],
       [ 0.        , -0.21038842, -0.73143403, -1.5369729 , -1.70466138,
        -1.77059462, -1.81314435, -1.56680779, -1.25374968, -1.01338754,
        -0.83235341, -0.69435377, -0.58734209, -0.5029309 , -0.43528908,
        -0.38030937, -0.33504941, -0.2973644 , -0.26566473, -0.23875385],
       [ 0.        , -0.19570976, -0.66887654, -1.40257906, -1.56432128,
        -1.61614572, -1.64463207, -1.65446188, -1.43712917, -1.1823668 ,
        -0.97902433, -0.82047559, -0.69607498, -0.59724888, -0.51768376,
        -0.45279915, -0.39925561, -0.35459095, -0.31696581, -0.28498765],
       [ 0.        , -0.18103508, -0.60802194, -1.27376613, -1.43497106,
        -1.48749108, -1.50074074, -1.50809396, -1.50683115, -1.36414213,
        -1.15408752, -0.97672589, -0.83331065, -0.71759943, -0.62356903,
        -0.54641596, -0.48247303, -0.42896381, -0.38377886, -0.34530263],
       [ 0.        , -0.16621671, -0.54799205, -1.14741691, -1.3104443 ,
        -1.37123738, -1.38622509, -1.38112041, -1.37299521, -1.37011961,
        -1.32055859, -1.15937872, -1.00372316, -0.8713185 , -0.76099714,
        -0.66916662, -0.59235355, -0.52766321, -0.47278283, -0.42588681],
       [ 0.        , -0.15108037, -0.48797035, -1.02090252, -1.18601217,
        -1.25898179, -1.2843007 , -1.28279849, -1.26801955, -1.24950075,
        -1.23471514, -1.22096694, -1.1751305 , -1.05540082, -0.93582201,
        -0.83013624, -0.73907016, -0.6610198 , -0.59404133, -0.53634559],
       [ 0.        , -0.13540167, -0.42713399, -0.89193572, -1.05730965,
        -1.14379913, -1.18438092, -1.19492066, -1.18676224, -1.16808441,
        -1.14473832, -1.12096602, -1.10013652, -1.08437847, -1.06095991,
        -1.01187597, -0.92447536, -0.83824918, -0.75985495, -0.69017061],
       [ 0.        , -0.11886173, -0.36450363, -0.75806706, -0.91966705,
        -1.01877904, -1.07694757, -1.10481849, -1.11102324, -1.10255688,
        -1.08484366, -1.06180353, -1.03630739, -1.01039706, -0.98558604,
        -0.96309915, -0.94390087, -0.92714977, -0.90523488, -0.87413892],
       [ 0.        , -0.10094969, -0.29873135, -0.61579816, -0.76735388,
        -0.87482725, -0.95023704, -0.9984364 , -1.0245923 , -1.03375   ,
        -1.03048989, -1.01840496, -1.0004247 , -0.97873362, -0.95493503,
        -0.93020086, -0.90539331, -0.88114354, -0.85789505, -0.83601017],
       [ 0.        , -0.08069791, -0.22756245, -0.46112466, -0.59170358,
        -0.69818651, -0.78522972, -0.8526598 , -0.90173629, -0.93463559,
        -0.95392068, -0.96214147, -0.96171782, -0.95467398, -0.94269658,
        -0.92717594, -0.90915194, -0.88950109, -0.86885547, -0.84772607],
       [ 0.        , -0.05564463, -0.14560018, -0.28269925, -0.37510385,
        -0.4616896 , -0.5421942 , -0.61594201, -0.68091224, -0.73670738,
        -0.78297618, -0.82010841, -0.8488902 , -0.87012352, -0.88468728,
        -0.89348913, -0.89737865, -0.89719614, -0.8935799 , -0.8871595 ]])

O99SingleTrajectoryEdot = np.array([[  0.00000000e+00,   4.35248504e-14,   2.67540656e-13,
          2.65214961e-13,   1.57184266e-13,   1.02720721e-13,
          7.20454807e-14,   5.30672728e-14,   4.09207113e-14,
          3.23801541e-14,   2.62432576e-14,   2.17011131e-14,
          1.82675819e-14,   1.56369362e-14,   1.34696976e-14,
          1.17274523e-14,   1.03049236e-14,   9.13316645e-15,
          8.14230627e-15,   7.31074923e-15],
       [  0.00000000e+00,  -3.09345802e-03,  -1.98361709e-01,
          1.71716124e-01,   1.12206098e-01,   7.50274926e-02,
          5.31559264e-02,   3.94874517e-02,   3.04392871e-02,
          2.41597345e-02,   1.96313284e-02,   1.62616094e-02,
          1.36879159e-02,   1.16786382e-02,   1.00804301e-02,
          8.78857766e-03,   7.72964068e-03,   6.85089966e-03,
          6.11372776e-03,   5.48930669e-03],
       [  0.00000000e+00,  -5.13371084e-03,  -2.75555294e-01,
          3.53647579e-01,   2.44428913e-01,   1.64942931e-01,
          1.17259290e-01,   8.72555794e-02,   6.73282131e-02,
          5.34722112e-02,   4.34682170e-02,   3.60179201e-02,
          3.03243125e-02,   2.58774217e-02,   2.23391470e-02,
          1.94783836e-02,   1.71329261e-02,   1.51862662e-02,
          1.35530001e-02,   1.21693860e-02],
       [  0.00000000e+00,  -6.40946826e-03,  -2.85531623e-01,
          5.06242089e-01,   3.97559119e-01,   2.71981334e-01,
          1.94263338e-01,   1.44882402e-01,   1.11937663e-01,
          8.89729757e-02,   7.23666967e-02,   5.99865434e-02,
          5.05184884e-02,   4.31196099e-02,   3.72300829e-02,
          3.24667535e-02,   2.85604368e-02,   2.53176382e-02,
          2.25964358e-02,   2.02908549e-02],
       [  0.00000000e+00,  -7.11938530e-03,  -2.74483085e-01,
          3.70024396e-01,   5.69414185e-01,   3.98353881e-01,
          2.86444975e-01,   2.14288786e-01,   1.65843556e-01,
          1.31958852e-01,   1.07405198e-01,   8.90750820e-02,
          7.50431687e-02,   6.40701354e-02,   5.53309409e-02,
          4.82599517e-02,   4.24592766e-02,   3.76426239e-02,
          3.35998463e-02,   3.01739266e-02],
       [  0.00000000e+00,  -7.40565853e-03,  -2.55045075e-01,
          5.52368662e-02,   7.47701631e-01,   5.45561398e-01,
          3.96327955e-01,   2.97781548e-01,   2.30995667e-01,
          1.84058168e-01,   1.49949452e-01,   1.24439218e-01,
          1.04885968e-01,   8.95811211e-02,   7.73835358e-02,
          6.75090569e-02,   5.94051338e-02,   5.26736766e-02,
          4.70221762e-02,   4.22318992e-02],
       [  0.00000000e+00,  -7.37347983e-03,  -2.31973315e-01,
         -1.43643574e-01,   8.74566196e-01,   7.12328213e-01,
          5.26358049e-01,   3.98043371e-01,   3.09784972e-01,
          2.47315497e-01,   2.01736549e-01,   1.67560562e-01,
          1.41319707e-01,   1.20754842e-01,   1.04350064e-01,
          9.10603157e-02,   8.01474687e-02,   7.10787873e-02,
          6.34622882e-02,   5.70045325e-02],
       [  0.00000000e+00,  -7.10289516e-03,  -2.07453845e-01,
         -2.37363799e-01,   6.45930984e-01,   8.87341385e-01,
          6.77828982e-01,   5.17944163e-01,   4.05072078e-01,
          3.24281619e-01,   2.64979370e-01,   2.20349572e-01,
          1.85998430e-01,   1.59031364e-01,   1.37492410e-01,
          1.20026730e-01,   1.05674162e-01,   9.37399812e-02,
          8.37120338e-02,   7.52063443e-02],
       [  0.00000000e+00,  -6.65635503e-03,  -1.82643626e-01,
         -2.74869990e-01,   3.40710958e-01,   1.00926068e+00,
          8.47199979e-01,   6.59775880e-01,   5.20055365e-01,
          4.18068847e-01,   3.42481390e-01,   2.85275800e-01,
          2.41086535e-01,   2.06310356e-01,   1.78484632e-01,
          1.55890970e-01,   1.37305334e-01,   1.21838798e-01,
          1.08834218e-01,   9.77978525e-02],
       [  0.00000000e+00,  -6.08370342e-03,  -1.58229737e-01,
         -2.80384927e-01,   1.46780031e-01,   7.64049825e-01,
          1.00983289e+00,   8.22430957e-01,   6.57567603e-01,
          5.32228579e-01,   4.37710624e-01,   3.65511419e-01,
          3.09423468e-01,   2.65117043e-01,   2.29571907e-01,
          2.00654122e-01,   1.76831038e-01,   1.56983119e-01,
          1.40279204e-01,   1.26092779e-01],
       [  0.00000000e+00,  -5.42558482e-03,  -1.34664245e-01,
         -2.66885806e-01,   3.07818643e-02,   4.61110992e-01,
          9.51091489e-01,   9.88905963e-01,   8.17177811e-01,
          6.69921637e-01,   5.54628929e-01,   4.65008131e-01,
          3.94698156e-01,   3.38812044e-01,   2.93788180e-01,
          2.57048602e-01,   2.26713850e-01,   2.01397251e-01,
          1.80061995e-01,   1.61922456e-01],
       [  0.00000000e+00,  -4.71584910e-03,  -1.12273676e-01,
         -2.41957454e-01,  -3.72923124e-02,   2.64302371e-01,
          6.26872556e-01,   9.94786300e-01,   9.81077432e-01,
          8.30062547e-01,   6.96437434e-01,   5.88156779e-01,
          5.01481978e-01,   4.31786173e-01,   3.75219653e-01,
          3.28826247e-01,   2.90379925e-01,   2.58205244e-01,
          2.31032710e-01,   2.07891306e-01],
       [  0.00000000e+00,  -3.98330218e-03,  -9.13133628e-02,
         -2.10404689e-01,  -7.39558512e-02,   1.36914873e-01,
          3.85995258e-01,   6.67436501e-01,   9.48572990e-01,
          9.84902814e-01,   8.58941693e-01,   7.37379941e-01,
          6.34387098e-01,   5.49296214e-01,   4.79157070e-01,
          4.21061702e-01,   3.72591559e-01,   3.31830043e-01,
          2.97279597e-01,   2.67771547e-01],
       [  0.00000000e+00,  -3.25303251e-03,  -7.20033454e-02,
         -1.75485869e-01,  -8.91799855e-02,   5.46065943e-02,
          2.26795098e-01,   4.15749435e-01,   6.20529607e-01,
          8.39851589e-01,   9.75656093e-01,   8.97795673e-01,
          7.92179809e-01,   6.95032268e-01,   6.11186601e-01,
          5.39986776e-01,   4.79663913e-01,   4.28409858e-01,
          3.84646858e-01,   3.47067527e-01],
       [  0.00000000e+00,  -2.54746563e-03,  -5.45394559e-02,
         -1.39584005e-01,  -8.95141127e-02,   3.79887046e-03,
          1.19742016e-01,   2.47738328e-01,   3.82646778e-01,
          5.23637932e-01,   6.73788199e-01,   8.23399242e-01,
          9.10127661e-01,   8.51269442e-01,   7.68569392e-01,
          6.89012130e-01,   6.17726746e-01,   5.55239708e-01,
          5.00829709e-01,   4.53481559e-01],
       [  0.00000000e+00,  -1.88726611e-03,  -3.91139214e-02,
         -1.04622571e-01,  -7.96296066e-02,  -2.39495018e-02,
          4.95310770e-02,   1.33182424e-01,   2.22049149e-01,
          3.13357676e-01,   4.06102409e-01,   5.00733074e-01,
          5.99083683e-01,   7.02807868e-01,   7.87890749e-01,
          8.19951150e-01,   7.71243515e-01,   7.10058320e-01,
          6.49887611e-01,   5.94253223e-01],
       [  0.00000000e+00,  -1.29219642e-03,  -2.59166805e-02,
         -7.22413198e-02,  -6.31836539e-02,  -3.44494941e-02,
          7.21739381e-03,   5.73404944e-02,   1.12413334e-01,
          1.69914031e-01,   2.28241123e-01,   2.86508129e-01,
          3.44414733e-01,   4.02093581e-01,   4.60055863e-01,
          5.19204555e-01,   5.80655987e-01,   6.42628971e-01,
          6.90861329e-01,   7.17368608e-01],
       [  0.00000000e+00,  -7.82076447e-04,  -1.51503093e-02,
         -4.38957760e-02,  -4.34009858e-02,  -3.22516768e-02,
         -1.31268913e-02,   1.21112375e-02,   4.16358007e-02,
          7.38470844e-02,   1.07494744e-01,   1.41656671e-01,
          1.75728055e-01,   2.09340848e-01,   2.42302709e-01,
          2.74554537e-01,   3.06144346e-01,   3.37204054e-01,
          3.67917065e-01,   3.98552944e-01],
       [  0.00000000e+00,  -3.78109474e-04,  -7.04531495e-03,
         -2.12247970e-02,  -2.35094895e-02,  -2.16887701e-02,
         -1.63392219e-02,  -7.74910426e-03,   3.58261244e-03,
          1.70642096e-02,   3.21068922e-02,   4.81821892e-02,
          6.48546970e-02,   8.17814238e-02,   9.87049875e-02,
          1.15445716e-01,   1.31871182e-01,   1.47908527e-01,
          1.63508722e-01,   1.78657786e-01],
       [  0.00000000e+00,  -1.05340487e-04,  -1.86965019e-03,
         -5.81272984e-03,  -7.24828276e-03,  -8.05308740e-03,
         -8.18330398e-03,  -7.59225355e-03,  -6.20809547e-03,
         -4.05007542e-03,  -1.16309704e-03,   2.36940975e-03,
          6.44887680e-03,   1.09757021e-02,   1.58526045e-02,
          2.09898992e-02,   2.63079000e-02,   3.17402341e-02,
          3.72277760e-02,   4.27235792e-02]])

O99BinaryAdot = 2*np.array([[ 0.        , -0.39444915, -2.42531316, -2.40163461, -1.42594562,
        -0.93073779, -0.65263128, -0.48214749, -0.37043288, -0.29337387,
        -0.2380257 , -0.19695365, -0.16564705, -0.14124287, -0.12185398,
        -0.10619603, -0.09337057, -0.08273394, -0.07381533, -0.06626396],
       [ 0.        , -0.36892204, -1.91983044, -2.61137608, -1.56821862,
        -1.02674596, -0.72091811, -0.53298076, -0.40966739, -0.32453995,
        -0.26336453, -0.21795169, -0.18332719, -0.15633127, -0.13487996,
        -0.11755436, -0.10336153, -0.09158996, -0.08171908, -0.07336096],
       [ 0.        , -0.34617935, -1.58919388, -2.82178471, -1.72752298,
        -1.13604561, -0.79912964, -0.5913755 , -0.45481538, -0.36044249,
        -0.29257579, -0.24217152, -0.203728  , -0.17374668, -0.14991836,
        -0.13066988, -0.11489987, -0.10181884, -0.090849  , -0.08155968],
       [ 0.        , -0.32553239, -1.38463198, -2.99236784, -1.90456554,
        -1.260767  , -0.8891459 , -0.65885498, -0.50710519, -0.40208303,
        -0.32648774, -0.27030767, -0.22743928, -0.19399567, -0.16740868,
        -0.14592733, -0.12832508, -0.11372228, -0.10147492, -0.09110283],
       [ 0.        , -0.30649262, -1.23748563, -2.87924912, -2.09729852,
        -1.40306537, -0.99317384, -0.73727767, -0.56806009, -0.45071436,
        -0.36614181, -0.30323634, -0.25520687, -0.21771997, -0.18790838,
        -0.16381519, -0.14406851, -0.12768384, -0.11394006, -0.10229929],
       [ 0.        , -0.28869921, -1.12180405, -2.53830536, -2.29493769,
        -1.56458672, -1.11371801, -0.82890009, -0.63957672, -0.50791582,
        -0.41286029, -0.34207518, -0.28798511, -0.24574247, -0.21213352,
        -0.18496172, -0.16268552, -0.14419778, -0.128687  , -0.11554755],
       [ 0.        , -0.2718756 , -1.0253619 , -2.24722422, -2.4487944 ,
        -1.74484859, -1.25337447, -0.93641412, -0.72401551, -0.57569076,
        -0.46833808, -0.38826593, -0.32701031, -0.27913246, -0.24101659,
        -0.2101864 , -0.18490145, -0.16391029, -0.14629481, -0.13136938],
       [ 0.        , -0.25580215, -0.94148958, -2.02398746, -2.30707027,
        -1.93559078, -1.41407657, -1.06287389, -0.8242835 , -0.65658627,
        -0.53476501, -0.44368901, -0.37390475, -0.31929884, -0.27578992,
        -0.24057472, -0.21167872, -0.18767991, -0.16753376, -0.1504594 ],
       [ 0.        , -0.24029769, -0.86615971, -1.84033498, -2.06168593,
        -2.0904136 , -1.59442046, -1.21123382, -0.94383459, -0.75381834,
        -0.61498232, -0.51082063, -0.43082429, -0.36812531, -0.31810821,
        -0.27758867, -0.24431667, -0.21666793, -0.19344721, -0.17375968],
       [ 0.        , -0.22520655, -0.79674821, -1.68096275, -1.86513049,
        -1.96889986, -1.77783771, -1.38245111, -1.08631509, -0.87132133,
        -0.71265527, -0.592939  , -0.50066567, -0.42816684, -0.37023019,
        -0.32323317, -0.28460322, -0.25247647, -0.22547758, -0.20257475],
       [ 0.        , -0.21038842, -0.73143403, -1.5369729 , -1.70466138,
        -1.77059462, -1.81314435, -1.56680779, -1.25374968, -1.01338754,
        -0.83235341, -0.69435377, -0.58734209, -0.5029309 , -0.43528908,
        -0.38030937, -0.33504941, -0.2973644 , -0.26566473, -0.23875385],
       [ 0.        , -0.19570976, -0.66887654, -1.40257906, -1.56432128,
        -1.61614572, -1.64463207, -1.65446188, -1.43712917, -1.1823668 ,
        -0.97902433, -0.82047559, -0.69607498, -0.59724888, -0.51768376,
        -0.45279915, -0.39925561, -0.35459095, -0.31696581, -0.28498765],
       [ 0.        , -0.18103508, -0.60802194, -1.27376613, -1.43497106,
        -1.48749108, -1.50074074, -1.50809396, -1.50683115, -1.36414213,
        -1.15408752, -0.97672589, -0.83331065, -0.71759943, -0.62356903,
        -0.54641596, -0.48247303, -0.42896381, -0.38377886, -0.34530263],
       [ 0.        , -0.16621671, -0.54799205, -1.14741691, -1.3104443 ,
        -1.37123738, -1.38622509, -1.38112041, -1.37299521, -1.37011961,
        -1.32055859, -1.15937872, -1.00372316, -0.8713185 , -0.76099714,
        -0.66916662, -0.59235355, -0.52766321, -0.47278283, -0.42588681],
       [ 0.        , -0.15108037, -0.48797035, -1.02090252, -1.18601217,
        -1.25898179, -1.2843007 , -1.28279849, -1.26801955, -1.24950075,
        -1.23471514, -1.22096694, -1.1751305 , -1.05540082, -0.93582201,
        -0.83013624, -0.73907016, -0.6610198 , -0.59404133, -0.53634559],
       [ 0.        , -0.13540167, -0.42713399, -0.89193572, -1.05730965,
        -1.14379913, -1.18438092, -1.19492066, -1.18676224, -1.16808441,
        -1.14473832, -1.12096602, -1.10013652, -1.08437847, -1.06095991,
        -1.01187597, -0.92447536, -0.83824918, -0.75985495, -0.69017061],
       [ 0.        , -0.11886173, -0.36450363, -0.75806706, -0.91966705,
        -1.01877904, -1.07694757, -1.10481849, -1.11102324, -1.10255688,
        -1.08484366, -1.06180353, -1.03630739, -1.01039706, -0.98558604,
        -0.96309915, -0.94390087, -0.92714977, -0.90523488, -0.87413892],
       [ 0.        , -0.10094969, -0.29873135, -0.61579816, -0.76735388,
        -0.87482725, -0.95023704, -0.9984364 , -1.0245923 , -1.03375   ,
        -1.03048989, -1.01840496, -1.0004247 , -0.97873362, -0.95493503,
        -0.93020086, -0.90539331, -0.88114354, -0.85789505, -0.83601017],
       [ 0.        , -0.08069791, -0.22756245, -0.46112466, -0.59170358,
        -0.69818651, -0.78522972, -0.8526598 , -0.90173629, -0.93463559,
        -0.95392068, -0.96214147, -0.96171782, -0.95467398, -0.94269658,
        -0.92717594, -0.90915194, -0.88950109, -0.86885547, -0.84772607],
       [ 0.        , -0.05564463, -0.14560018, -0.28269925, -0.37510385,
        -0.4616896 , -0.5421942 , -0.61594201, -0.68091224, -0.73670738,
        -0.78297618, -0.82010841, -0.8488902 , -0.87012352, -0.88468728,
        -0.89348913, -0.89737865, -0.89719614, -0.8935799 , -0.8871595 ]])

O99BinaryEdot = 2*np.array([[  0.00000000e+00,   4.35248504e-14,   2.67540656e-13,
          2.65214961e-13,   1.57184266e-13,   1.02720721e-13,
          7.20454807e-14,   5.30672728e-14,   4.09207113e-14,
          3.23801541e-14,   2.62432576e-14,   2.17011131e-14,
          1.82675819e-14,   1.56369362e-14,   1.34696976e-14,
          1.17274523e-14,   1.03049236e-14,   9.13316645e-15,
          8.14230627e-15,   7.31074923e-15],
       [  0.00000000e+00,  -3.09345802e-03,  -1.98361709e-01,
          1.71716124e-01,   1.12206098e-01,   7.50274926e-02,
          5.31559264e-02,   3.94874517e-02,   3.04392871e-02,
          2.41597345e-02,   1.96313284e-02,   1.62616094e-02,
          1.36879159e-02,   1.16786382e-02,   1.00804301e-02,
          8.78857766e-03,   7.72964068e-03,   6.85089966e-03,
          6.11372776e-03,   5.48930669e-03],
       [  0.00000000e+00,  -5.13371084e-03,  -2.75555294e-01,
          3.53647579e-01,   2.44428913e-01,   1.64942931e-01,
          1.17259290e-01,   8.72555794e-02,   6.73282131e-02,
          5.34722112e-02,   4.34682170e-02,   3.60179201e-02,
          3.03243125e-02,   2.58774217e-02,   2.23391470e-02,
          1.94783836e-02,   1.71329261e-02,   1.51862662e-02,
          1.35530001e-02,   1.21693860e-02],
       [  0.00000000e+00,  -6.40946826e-03,  -2.85531623e-01,
          5.06242089e-01,   3.97559119e-01,   2.71981334e-01,
          1.94263338e-01,   1.44882402e-01,   1.11937663e-01,
          8.89729757e-02,   7.23666967e-02,   5.99865434e-02,
          5.05184884e-02,   4.31196099e-02,   3.72300829e-02,
          3.24667535e-02,   2.85604368e-02,   2.53176382e-02,
          2.25964358e-02,   2.02908549e-02],
       [  0.00000000e+00,  -7.11938530e-03,  -2.74483085e-01,
          3.70024396e-01,   5.69414185e-01,   3.98353881e-01,
          2.86444975e-01,   2.14288786e-01,   1.65843556e-01,
          1.31958852e-01,   1.07405198e-01,   8.90750820e-02,
          7.50431687e-02,   6.40701354e-02,   5.53309409e-02,
          4.82599517e-02,   4.24592766e-02,   3.76426239e-02,
          3.35998463e-02,   3.01739266e-02],
       [  0.00000000e+00,  -7.40565853e-03,  -2.55045075e-01,
          5.52368662e-02,   7.47701631e-01,   5.45561398e-01,
          3.96327955e-01,   2.97781548e-01,   2.30995667e-01,
          1.84058168e-01,   1.49949452e-01,   1.24439218e-01,
          1.04885968e-01,   8.95811211e-02,   7.73835358e-02,
          6.75090569e-02,   5.94051338e-02,   5.26736766e-02,
          4.70221762e-02,   4.22318992e-02],
       [  0.00000000e+00,  -7.37347983e-03,  -2.31973315e-01,
         -1.43643574e-01,   8.74566196e-01,   7.12328213e-01,
          5.26358049e-01,   3.98043371e-01,   3.09784972e-01,
          2.47315497e-01,   2.01736549e-01,   1.67560562e-01,
          1.41319707e-01,   1.20754842e-01,   1.04350064e-01,
          9.10603157e-02,   8.01474687e-02,   7.10787873e-02,
          6.34622882e-02,   5.70045325e-02],
       [  0.00000000e+00,  -7.10289516e-03,  -2.07453845e-01,
         -2.37363799e-01,   6.45930984e-01,   8.87341385e-01,
          6.77828982e-01,   5.17944163e-01,   4.05072078e-01,
          3.24281619e-01,   2.64979370e-01,   2.20349572e-01,
          1.85998430e-01,   1.59031364e-01,   1.37492410e-01,
          1.20026730e-01,   1.05674162e-01,   9.37399812e-02,
          8.37120338e-02,   7.52063443e-02],
       [  0.00000000e+00,  -6.65635503e-03,  -1.82643626e-01,
         -2.74869990e-01,   3.40710958e-01,   1.00926068e+00,
          8.47199979e-01,   6.59775880e-01,   5.20055365e-01,
          4.18068847e-01,   3.42481390e-01,   2.85275800e-01,
          2.41086535e-01,   2.06310356e-01,   1.78484632e-01,
          1.55890970e-01,   1.37305334e-01,   1.21838798e-01,
          1.08834218e-01,   9.77978525e-02],
       [  0.00000000e+00,  -6.08370342e-03,  -1.58229737e-01,
         -2.80384927e-01,   1.46780031e-01,   7.64049825e-01,
          1.00983289e+00,   8.22430957e-01,   6.57567603e-01,
          5.32228579e-01,   4.37710624e-01,   3.65511419e-01,
          3.09423468e-01,   2.65117043e-01,   2.29571907e-01,
          2.00654122e-01,   1.76831038e-01,   1.56983119e-01,
          1.40279204e-01,   1.26092779e-01],
       [  0.00000000e+00,  -5.42558482e-03,  -1.34664245e-01,
         -2.66885806e-01,   3.07818643e-02,   4.61110992e-01,
          9.51091489e-01,   9.88905963e-01,   8.17177811e-01,
          6.69921637e-01,   5.54628929e-01,   4.65008131e-01,
          3.94698156e-01,   3.38812044e-01,   2.93788180e-01,
          2.57048602e-01,   2.26713850e-01,   2.01397251e-01,
          1.80061995e-01,   1.61922456e-01],
       [  0.00000000e+00,  -4.71584910e-03,  -1.12273676e-01,
         -2.41957454e-01,  -3.72923124e-02,   2.64302371e-01,
          6.26872556e-01,   9.94786300e-01,   9.81077432e-01,
          8.30062547e-01,   6.96437434e-01,   5.88156779e-01,
          5.01481978e-01,   4.31786173e-01,   3.75219653e-01,
          3.28826247e-01,   2.90379925e-01,   2.58205244e-01,
          2.31032710e-01,   2.07891306e-01],
       [  0.00000000e+00,  -3.98330218e-03,  -9.13133628e-02,
         -2.10404689e-01,  -7.39558512e-02,   1.36914873e-01,
          3.85995258e-01,   6.67436501e-01,   9.48572990e-01,
          9.84902814e-01,   8.58941693e-01,   7.37379941e-01,
          6.34387098e-01,   5.49296214e-01,   4.79157070e-01,
          4.21061702e-01,   3.72591559e-01,   3.31830043e-01,
          2.97279597e-01,   2.67771547e-01],
       [  0.00000000e+00,  -3.25303251e-03,  -7.20033454e-02,
         -1.75485869e-01,  -8.91799855e-02,   5.46065943e-02,
          2.26795098e-01,   4.15749435e-01,   6.20529607e-01,
          8.39851589e-01,   9.75656093e-01,   8.97795673e-01,
          7.92179809e-01,   6.95032268e-01,   6.11186601e-01,
          5.39986776e-01,   4.79663913e-01,   4.28409858e-01,
          3.84646858e-01,   3.47067527e-01],
       [  0.00000000e+00,  -2.54746563e-03,  -5.45394559e-02,
         -1.39584005e-01,  -8.95141127e-02,   3.79887046e-03,
          1.19742016e-01,   2.47738328e-01,   3.82646778e-01,
          5.23637932e-01,   6.73788199e-01,   8.23399242e-01,
          9.10127661e-01,   8.51269442e-01,   7.68569392e-01,
          6.89012130e-01,   6.17726746e-01,   5.55239708e-01,
          5.00829709e-01,   4.53481559e-01],
       [  0.00000000e+00,  -1.88726611e-03,  -3.91139214e-02,
         -1.04622571e-01,  -7.96296066e-02,  -2.39495018e-02,
          4.95310770e-02,   1.33182424e-01,   2.22049149e-01,
          3.13357676e-01,   4.06102409e-01,   5.00733074e-01,
          5.99083683e-01,   7.02807868e-01,   7.87890749e-01,
          8.19951150e-01,   7.71243515e-01,   7.10058320e-01,
          6.49887611e-01,   5.94253223e-01],
       [  0.00000000e+00,  -1.29219642e-03,  -2.59166805e-02,
         -7.22413198e-02,  -6.31836539e-02,  -3.44494941e-02,
          7.21739381e-03,   5.73404944e-02,   1.12413334e-01,
          1.69914031e-01,   2.28241123e-01,   2.86508129e-01,
          3.44414733e-01,   4.02093581e-01,   4.60055863e-01,
          5.19204555e-01,   5.80655987e-01,   6.42628971e-01,
          6.90861329e-01,   7.17368608e-01],
       [  0.00000000e+00,  -7.82076447e-04,  -1.51503093e-02,
         -4.38957760e-02,  -4.34009858e-02,  -3.22516768e-02,
         -1.31268913e-02,   1.21112375e-02,   4.16358007e-02,
          7.38470844e-02,   1.07494744e-01,   1.41656671e-01,
          1.75728055e-01,   2.09340848e-01,   2.42302709e-01,
          2.74554537e-01,   3.06144346e-01,   3.37204054e-01,
          3.67917065e-01,   3.98552944e-01],
       [  0.00000000e+00,  -3.78109474e-04,  -7.04531495e-03,
         -2.12247970e-02,  -2.35094895e-02,  -2.16887701e-02,
         -1.63392219e-02,  -7.74910426e-03,   3.58261244e-03,
          1.70642096e-02,   3.21068922e-02,   4.81821892e-02,
          6.48546970e-02,   8.17814238e-02,   9.87049875e-02,
          1.15445716e-01,   1.31871182e-01,   1.47908527e-01,
          1.63508722e-01,   1.78657786e-01],
       [  0.00000000e+00,  -1.05340487e-04,  -1.86965019e-03,
         -5.81272984e-03,  -7.24828276e-03,  -8.05308740e-03,
         -8.18330398e-03,  -7.59225355e-03,  -6.20809547e-03,
         -4.05007542e-03,  -1.16309704e-03,   2.36940975e-03,
          6.44887680e-03,   1.09757021e-02,   1.58526045e-02,
          2.09898992e-02,   2.63079000e-02,   3.17402341e-02,
          3.72277760e-02,   4.27235792e-02]])
